1 1 1
2 1 1
3 1 1
4 1 1
5 1 1
6 1 1
7 1 1
8 1 1
9 1 2
10 1 2
11 1 2
12 1 2
13 1 2
14 1 2
15 1 3
16 1 3
17 1 3
18 1 3
19 1 4
20 1 4
21 2 1
22 2 1
23 2 1
24 2 1
25 2 1
26 2 1
27 2 1
28 2 1
29 2 1
30 2 1
31 2 1
32 2 2
33 2 2
34 2 2
35 2 2
36 2 2
37 2 2
38 2 2
39 2 2
40 2 3
41 2 3
42 2 3
43 2 3
44 2 3
45 2 4
46 2 4
47 2 4
48 3 1
49 3 1
50 3 1
51 3 1
52 3 1
53 3 1
54 3 1
55 3 1
56 3 1
57 3 1
58 3 1
59 3 1
60 3 1
61 3 1
62 3 1
63 3 2
64 3 2
65 3 2
66 3 2
67 3 2
68 3 2
69 3 2
70 3 2
71 3 2
72 3 2
73 3 3
74 3 3
75 3 3
76 3 3
77 3 3
78 3 3
79 3 3
80 3 4
81 3 4
82 3 4
83 3 4
84 4 1
85 4 1
86 4 1
87 4 1
88 4 1
89 4 1
90 4 1
91 4 1
92 4 1
93 4 1
94 4 1
95 4 1
96 4 1
97 4 1
98 4 1
99 4 1
100 4 1
101 4 1
102 4 1
103 4 2
104 4 2
105 4 2
106 4 2
107 4 2
108 4 2
109 4 2
110 4 2
111 4 2
112 4 2
113 4 2
114 4 2
115 4 2
116 4 2
117 4 3
118 4 3
119 4 3
120 4 3
121 4 3
122 4 3
123 4 3
124 4 3
125 4 3
126 4 4
127 4 4
128 4 4
129 4 4
130 4 4
131 5 1
132 5 1
133 5 1
134 5 1
135 5 1
136 5 1
137 5 1
138 5 1
139 5 1
140 5 1
141 5 1
142 5 1
143 5 1
144 5 1
145 5 1
146 5 1
147 5 1
148 5 1
149 5 1
150 5 1
151 5 1
152 5 1
153 5 1
154 5 1
155 5 1
156 5 1
157 5 2
158 5 2
159 5 2
160 5 2
161 5 2
162 5 2
163 5 2
164 5 2
165 5 2
166 5 2
167 5 2
168 5 2
169 5 2
170 5 2
171 5 2
172 5 2
173 5 2
174 5 2
175 5 3
176 5 3
177 5 3
178 5 3
179 5 3
180 5 3
181 5 3
182 5 3
183 5 3
184 5 3
185 5 3
186 5 3
187 5 4
188 5 4
189 5 4
190 5 4
191 5 4
192 5 4
193 5 4
194 6 1
195 6 1
196 6 1
197 6 1
198 6 1
199 6 1
200 6 1
201 6 1
202 6 1
203 6 1
204 6 1
205 6 1
206 6 1
207 6 1
208 6 1
209 6 1
210 6 1
211 6 1
212 6 1
213 6 1
214 6 1
215 6 1
216 6 1
217 6 1
218 6 1
219 6 1
220 6 1
221 6 1
222 6 1
223 6 1
224 6 1
225 6 1
226 6 1
227 6 2
228 6 2
229 6 2
230 6 2
231 6 2
232 6 2
233 6 2
234 6 2
235 6 2
236 6 2
237 6 2
238 6 2
239 6 2
240 6 2
241 6 2
242 6 2
243 6 2
244 6 2
245 6 2
246 6 2
247 6 2
248 6 2
249 6 2
250 6 3
251 6 3
252 6 3
253 6 3
254 6 3
255 6 3
256 6 3
257 6 3
258 6 3
259 6 3
260 6 3
261 6 3
262 6 3
263 6 3
264 6 3
265 6 4
266 6 4
267 6 4
268 6 4
269 6 4
270 6 4
271 6 4
272 6 4
273 6 4
274 7 1
275 7 1
276 7 1
277 7 1
278 7 1
279 7 1
280 7 1
281 7 1
282 7 1
283 7 1
284 7 1
285 7 1
286 7 1
287 7 1
288 7 1
289 7 1
290 7 1
291 7 1
292 7 1
293 7 1
294 7 1
295 7 1
296 7 1
297 7 1
298 7 1
299 7 1
300 7 1
301 7 1
302 7 1
303 7 1
304 7 1
305 7 1
306 7 1
307 7 1
308 7 1
309 7 1
310 7 1
311 7 1
312 7 1
313 7 1
314 7 1
315 7 2
316 7 2
317 7 2
318 7 2
319 7 2
320 7 2
321 7 2
322 7 2
323 7 2
324 7 2
325 7 2
326 7 2
327 7 2
328 7 2
329 7 2
330 7 2
331 7 2
332 7 2
333 7 2
334 7 2
335 7 2
336 7 2
337 7 2
338 7 2
339 7 2
340 7 2
341 7 2
342 7 2
343 7 3
344 7 3
345 7 3
346 7 3
347 7 3
348 7 3
349 7 3
350 7 3
351 7 3
352 7 3
353 7 3
354 7 3
355 7 3
356 7 3
357 7 3
358 7 3
359 7 3
360 7 3
361 7 4
362 7 4
363 7 4
364 7 4
365 7 4
366 7 4
367 7 4
368 7 4
369 7 4
370 7 4
371 7 4
372 8 1
373 8 1
374 8 1
375 8 1
376 8 1
377 8 1
378 8 1
379 8 1
380 8 1
381 8 1
382 8 1
383 8 1
384 8 1
385 8 1
386 8 1
387 8 1
388 8 1
389 8 1
390 8 1
391 8 1
392 8 1
393 8 1
394 8 1
395 8 1
396 8 1
397 8 1
398 8 1
399 8 1
400 8 1
401 8 1
402 8 1
403 8 1
404 8 1
405 8 1
406 8 1
407 8 1
408 8 1
409 8 1
410 8 1
411 8 1
412 8 1
413 8 1
414 8 1
415 8 1
416 8 1
417 8 1
418 8 1
419 8 1
420 8 1
421 8 1
422 8 1
423 8 1
424 8 1
425 8 2
426 8 2
427 8 2
428 8 2
429 8 2
430 8 2
431 8 2
432 8 2
433 8 2
434 8 2
435 8 2
436 8 2
437 8 2
438 8 2
439 8 2
440 8 2
441 8 2
442 8 2
443 8 2
444 8 2
445 8 2
446 8 2
447 8 2
448 8 2
449 8 2
450 8 2
451 8 2
452 8 2
453 8 2
454 8 2
455 8 2
456 8 2
457 8 2
458 8 2
459 8 2
460 8 2
461 8 2
462 8 3
463 8 3
464 8 3
465 8 3
466 8 3
467 8 3
468 8 3
469 8 3
470 8 3
471 8 3
472 8 3
473 8 3
474 8 3
475 8 3
476 8 3
477 8 3
478 8 3
479 8 3
480 8 3
481 8 3
482 8 3
483 8 3
484 8 3
485 8 3
486 8 4
487 8 4
488 8 4
489 8 4
490 8 4
491 8 4
492 8 4
493 8 4
494 8 4
495 8 4
496 8 4
497 8 4
498 8 4
499 8 4
500 9 1
501 9 1
502 9 1
503 9 1
504 9 1
505 9 1
506 9 1
507 9 1
508 9 1
509 9 1
510 9 1
511 9 1
512 9 1
513 9 1
514 9 1
515 9 1
516 9 1
517 9 1
518 9 1
519 9 1
520 9 1
521 9 1
522 9 1
523 9 1
524 9 1
525 9 1
526 9 1
527 9 1
528 9 1
529 9 1
530 9 1
531 9 1
532 9 1
533 9 1
534 9 1
535 9 1
536 9 1
537 9 1
538 9 1
539 9 1
540 9 1
541 9 1
542 9 1
543 9 1
544 9 1
545 9 1
546 9 1
547 9 1
548 9 1
549 9 1
550 9 1
551 9 1
552 9 1
553 9 1
554 9 1
555 9 1
556 9 1
557 9 1
558 9 2
559 9 2
560 9 2
561 9 2
562 9 2
563 9 2
564 9 2
565 9 2
566 9 2
567 9 2
568 9 2
569 9 2
570 9 2
571 9 2
572 9 2
573 9 2
574 9 2
575 9 2
576 9 2
577 9 2
578 9 2
579 9 2
580 9 2
581 9 2
582 9 2
583 9 2
584 9 2
585 9 2
586 9 2
587 9 2
588 9 2
589 9 2
590 9 2
591 9 2
592 9 2
593 9 2
594 9 2
595 9 2
596 9 2
597 9 2
598 9 2
599 9 3
600 9 3
601 9 3
602 9 3
603 9 3
604 9 3
605 9 3
606 9 3
607 9 3
608 9 3
609 9 3
610 9 3
611 9 3
612 9 3
613 9 3
614 9 3
615 9 3
616 9 3
617 9 3
618 9 3
619 9 3
620 9 3
621 9 3
622 9 3
623 9 3
624 9 3
625 9 4
626 9 4
627 9 4
628 9 4
629 9 4
630 9 4
631 9 4
632 9 4
633 9 4
634 9 4
635 9 4
636 9 4
637 9 4
638 9 4
639 9 4
640 10 1
641 10 1
642 10 1
643 10 1
644 10 1
645 10 1
646 10 1
647 10 1
648 10 1
649 10 1
650 10 1
651 10 1
652 10 1
653 10 1
654 10 1
655 10 1
656 10 1
657 10 1
658 10 1
659 10 1
660 10 1
661 10 1
662 10 1
663 10 1
664 10 1
665 10 1
666 10 1
667 10 1
668 10 1
669 10 1
670 10 1
671 10 1
672 10 1
673 10 1
674 10 1
675 10 1
676 10 1
677 10 1
678 10 1
679 10 1
680 10 1
681 10 1
682 10 1
683 10 1
684 10 1
685 10 1
686 10 1
687 10 1
688 10 1
689 10 1
690 10 1
691 10 1
692 10 1
693 10 1
694 10 1
695 10 1
696 10 1
697 10 1
698 10 1
699 10 1
700 10 1
701 10 1
702 10 1
703 10 1
704 10 1
705 10 1
706 10 1
707 10 1
708 10 1
709 10 1
710 10 1
711 10 1
712 10 1
713 10 2
714 10 2
715 10 2
716 10 2
717 10 2
718 10 2
719 10 2
720 10 2
721 10 2
722 10 2
723 10 2
724 10 2
725 10 2
726 10 2
727 10 2
728 10 2
729 10 2
730 10 2
731 10 2
732 10 2
733 10 2
734 10 2
735 10 2
736 10 2
737 10 2
738 10 2
739 10 2
740 10 2
741 10 2
742 10 2
743 10 2
744 10 2
745 10 2
746 10 2
747 10 2
748 10 2
749 10 2
750 10 2
751 10 2
752 10 2
753 10 2
754 10 2
755 10 2
756 10 2
757 10 2
758 10 2
759 10 2
760 10 2
761 10 2
762 10 2
763 10 2
764 10 3
765 10 3
766 10 3
767 10 3
768 10 3
769 10 3
770 10 3
771 10 3
772 10 3
773 10 3
774 10 3
775 10 3
776 10 3
777 10 3
778 10 3
779 10 3
780 10 3
781 10 3
782 10 3
783 10 3
784 10 3
785 10 3
786 10 3
787 10 3
788 10 3
789 10 3
790 10 3
791 10 3
792 10 3
793 10 3
794 10 3
795 10 3
796 10 3
797 10 4
798 10 4
799 10 4
800 10 4
801 10 4
802 10 4
803 10 4
804 10 4
805 10 4
806 10 4
807 10 4
808 10 4
809 10 4
810 10 4
811 10 4
812 10 4
813 10 4
814 10 4
815 10 4
816 11 1
817 11 1
818 11 1
819 11 1
820 11 1
821 11 1
822 11 1
823 11 1
824 11 1
825 11 1
826 11 1
827 11 1
828 11 1
829 11 1
830 11 1
831 11 1
832 11 1
833 11 1
834 11 1
835 11 1
836 11 1
837 11 1
838 11 1
839 11 1
840 11 1
841 11 1
842 11 1
843 11 1
844 11 1
845 11 1
846 11 1
847 11 1
848 11 1
849 11 1
850 11 1
851 11 1
852 11 1
853 11 1
854 11 1
855 11 1
856 11 1
857 11 1
858 11 1
859 11 1
860 11 1
861 11 1
862 11 1
863 11 1
864 11 1
865 11 1
866 11 1
867 11 1
868 11 1
869 11 1
870 11 1
871 11 1
872 11 1
873 11 1
874 11 1
875 11 1
876 11 1
877 11 1
878 11 1
879 11 1
880 11 1
881 11 1
882 11 1
883 11 1
884 11 1
885 11 1
886 11 1
887 11 1
888 11 1
889 11 1
890 11 1
891 11 1
892 11 1
893 11 1
894 11 1
895 11 1
896 11 1
897 11 1
898 11 1
899 11 1
900 11 1
901 11 1
902 11 1
903 11 1
904 11 1
905 11 1
906 11 1
907 11 1
908 11 1
909 11 2
910 11 2
911 11 2
912 11 2
913 11 2
914 11 2
915 11 2
916 11 2
917 11 2
918 11 2
919 11 2
920 11 2
921 11 2
922 11 2
923 11 2
924 11 2
925 11 2
926 11 2
927 11 2
928 11 2
929 11 2
930 11 2
931 11 2
932 11 2
933 11 2
934 11 2
935 11 2
936 11 2
937 11 2
938 11 2
939 11 2
940 11 2
941 11 2
942 11 2
943 11 2
944 11 2
945 11 2
946 11 2
947 11 2
948 11 2
949 11 2
950 11 2
951 11 2
952 11 2
953 11 2
954 11 2
955 11 2
956 11 2
957 11 2
958 11 2
959 11 2
960 11 2
961 11 2
962 11 2
963 11 2
964 11 2
965 11 2
966 11 2
967 11 2
968 11 2
969 11 2
970 11 2
971 11 2
972 11 2
973 11 2
974 11 3
975 11 3
976 11 3
977 11 3
978 11 3
979 11 3
980 11 3
981 11 3
982 11 3
983 11 3
984 11 3
985 11 3
986 11 3
987 11 3
988 11 3
989 11 3
990 11 3
991 11 3
992 11 3
993 11 3
994 11 3
995 11 3
996 11 3
997 11 3
998 11 3
999 11 3
1000 11 3
1001 11 3
1002 11 3
1003 11 3
1004 11 3
1005 11 3
1006 11 3
1007 11 3
1008 11 3
1009 11 3
1010 11 3
1011 11 3
1012 11 3
1013 11 3
1014 11 3
1015 11 3
1016 11 4
1017 11 4
1018 11 4
1019 11 4
1020 11 4
1021 11 4
1022 11 4
1023 11 4
1024 11 4
1025 11 4
1026 11 4
1027 11 4
1028 11 4
1029 11 4
1030 11 4
1031 11 4
1032 11 4
1033 11 4
1034 11 4
1035 11 4
1036 11 4
1037 11 4
1038 11 4
1039 11 4
1040 12 1
1041 12 1
1042 12 1
1043 12 1
1044 12 1
1045 12 1
1046 12 1
1047 12 1
1048 12 1
1049 12 1
1050 12 1
1051 12 1
1052 12 1
1053 12 1
1054 12 1
1055 12 1
1056 12 1
1057 12 1
1058 12 1
1059 12 1
1060 12 1
1061 12 1
1062 12 1
1063 12 1
1064 12 1
1065 12 1
1066 12 1
1067 12 1
1068 12 1
1069 12 1
1070 12 1
1071 12 1
1072 12 1
1073 12 1
1074 12 1
1075 12 1
1076 12 1
1077 12 1
1078 12 1
1079 12 1
1080 12 1
1081 12 1
1082 12 1
1083 12 1
1084 12 1
1085 12 1
1086 12 1
1087 12 1
1088 12 1
1089 12 1
1090 12 1
1091 12 1
1092 12 1
1093 12 1
1094 12 1
1095 12 1
1096 12 1
1097 12 1
1098 12 1
1099 12 1
1100 12 1
1101 12 1
1102 12 1
1103 12 1
1104 12 1
1105 12 1
1106 12 1
1107 12 1
1108 12 1
1109 12 1
1110 12 1
1111 12 1
1112 12 1
1113 12 1
1114 12 1
1115 12 1
1116 12 1
1117 12 1
1118 12 1
1119 12 1
1120 12 1
1121 12 1
1122 12 1
1123 12 1
1124 12 1
1125 12 2
1126 12 2
1127 12 2
1128 12 2
1129 12 2
1130 12 2
1131 12 2
1132 12 2
1133 12 2
1134 12 2
1135 12 2
1136 12 2
1137 12 2
1138 12 2
1139 12 2
1140 12 2
1141 12 2
1142 12 2
1143 12 2
1144 12 2
1145 12 2
1146 12 2
1147 12 2
1148 12 2
1149 12 2
1150 12 2
1151 12 2
1152 12 2
1153 12 2
1154 12 2
1155 12 2
1156 12 2
1157 12 2
1158 12 2
1159 12 2
1160 12 2
1161 12 2
1162 12 2
1163 12 2
1164 12 2
1165 12 2
1166 12 2
1167 12 2
1168 12 2
1169 12 2
1170 12 2
1171 12 2
1172 12 2
1173 12 2
1174 12 2
1175 12 2
1176 12 2
1177 12 2
1178 12 2
1179 12 2
1180 12 2
1181 12 2
1182 12 2
1183 12 2
1184 12 2
1185 12 2
1186 12 2
1187 12 2
1188 12 2
1189 12 2
1190 12 2
1191 12 2
1192 12 2
1193 12 2
1194 12 2
1195 12 2
1196 12 2
1197 12 2
1198 12 2
1199 12 2
1200 12 2
1201 12 2
1202 12 2
1203 12 2
1204 12 3
1205 12 3
1206 12 3
1207 12 3
1208 12 3
1209 12 3
1210 12 3
1211 12 3
1212 12 3
1213 12 3
1214 12 3
1215 12 3
1216 12 3
1217 12 3
1218 12 3
1219 12 3
1220 12 3
1221 12 3
1222 12 3
1223 12 3
1224 12 3
1225 12 3
1226 12 3
1227 12 3
1228 12 3
1229 12 3
1230 12 3
1231 12 3
1232 12 3
1233 12 3
1234 12 3
1235 12 3
1236 12 3
1237 12 3
1238 12 3
1239 12 3
1240 12 3
1241 12 3
1242 12 3
1243 12 3
1244 12 3
1245 12 3
1246 12 3
1247 12 3
1248 12 3
1249 12 3
1250 12 3
1251 12 3
1252 12 3
1253 12 3
1254 12 3
1255 12 4
1256 12 4
1257 12 4
1258 12 4
1259 12 4
1260 12 4
1261 12 4
1262 12 4
1263 12 4
1264 12 4
1265 12 4
1266 12 4
1267 12 4
1268 12 4
1269 12 4
1270 12 4
1271 12 4
1272 12 4
1273 12 4
1274 12 4
1275 12 4
1276 12 4
1277 12 4
1278 12 4
1279 12 4
1280 12 4
1281 12 4
1282 12 4
1283 12 4
1284 13 1
1285 13 1
1286 13 1
1287 13 1
1288 13 1
1289 13 1
1290 13 1
1291 13 1
1292 13 1
1293 13 1
1294 13 1
1295 13 1
1296 13 1
1297 13 1
1298 13 1
1299 13 1
1300 13 1
1301 13 1
1302 13 1
1303 13 1
1304 13 1
1305 13 1
1306 13 1
1307 13 1
1308 13 1
1309 13 1
1310 13 1
1311 13 1
1312 13 1
1313 13 1
1314 13 1
1315 13 1
1316 13 1
1317 13 1
1318 13 1
1319 13 1
1320 13 1
1321 13 1
1322 13 1
1323 13 1
1324 13 1
1325 13 1
1326 13 1
1327 13 1
1328 13 1
1329 13 1
1330 13 1
1331 13 1
1332 13 1
1333 13 1
1334 13 1
1335 13 1
1336 13 1
1337 13 1
1338 13 1
1339 13 1
1340 13 1
1341 13 1
1342 13 1
1343 13 1
1344 13 1
1345 13 1
1346 13 1
1347 13 1
1348 13 1
1349 13 2
1350 13 2
1351 13 2
1352 13 2
1353 13 2
1354 13 2
1355 13 2
1356 13 2
1357 13 2
1358 13 2
1359 13 2
1360 13 2
1361 13 2
1362 13 2
1363 13 2
1364 13 2
1365 13 2
1366 13 2
1367 13 2
1368 13 2
1369 13 2
1370 13 2
1371 13 2
1372 13 2
1373 13 2
1374 13 2
1375 13 2
1376 13 2
1377 13 2
1378 13 2
1379 13 2
1380 13 2
1381 13 2
1382 13 2
1383 13 2
1384 13 2
1385 13 2
1386 13 2
1387 13 2
1388 13 2
1389 13 2
1390 13 2
1391 13 2
1392 13 2
1393 13 2
1394 13 2
1395 13 2
1396 13 2
1397 13 2
1398 13 2
1399 13 2
1400 13 2
1401 13 2
1402 13 2
1403 13 2
1404 13 2
1405 13 2
1406 13 2
1407 13 2
1408 13 2
1409 13 2
1410 13 2
1411 13 2
1412 13 2
1413 13 2
1414 13 3
1415 13 3
1416 13 3
1417 13 3
1418 13 3
1419 13 3
1420 13 3
1421 13 3
1422 13 3
1423 13 3
1424 13 3
1425 13 3
1426 13 3
1427 13 3
1428 13 3
1429 13 3
1430 13 3
1431 13 3
1432 13 3
1433 13 3
1434 13 3
1435 13 3
1436 13 3
1437 13 3
1438 13 3
1439 13 3
1440 13 3
1441 13 3
1442 13 3
1443 13 3
1444 13 3
1445 13 3
1446 13 3
1447 13 3
1448 13 3
1449 13 3
1450 13 3
1451 13 3
1452 13 3
1453 13 3
1454 13 3
1455 13 3
1456 13 3
1457 13 3
1458 13 3
1459 13 3
1460 13 3
1461 13 3
1462 13 3
1463 13 3
1464 13 3
1465 13 3
1466 13 3
1467 13 3
1468 13 3
1469 13 3
1470 13 3
1471 13 3
1472 13 3
1473 13 3
1474 13 3
1475 13 3
1476 13 3
1477 13 3
1478 13 3
1479 13 4
1480 13 4
1481 13 4
1482 13 4
1483 13 4
1484 13 4
1485 13 4
1486 13 4
1487 13 4
1488 13 4
1489 13 4
1490 13 4
1491 13 4
1492 13 4
1493 13 4
1494 13 4
1495 13 4
1496 13 4
1497 13 4
1498 13 4
1499 13 4
1500 13 4
1501 13 4
1502 13 4
1503 13 4
1504 13 4
1505 13 4
1506 13 4
1507 13 4
1508 13 4
1509 13 4
1510 13 4
1511 13 4
1512 13 4
1513 13 4
1514 13 4
1515 13 4
1516 13 4
1517 13 4
