1 0 12
2 1 11
3 2 9
4 3 6
5 4 4
6 5 1
7 6 -1
8 7 -1
9 0 9
10 1 7
11 2 5
12 3 3
13 4 1
14 5 -1
15 0 4
16 1 2
17 2 0
18 3 -1
19 0 2
20 1 -1
21 0 18
22 1 15
23 2 14
24 3 11
25 4 9
26 5 7
27 6 4
28 7 2
29 8 -1
30 9 -1
31 10 -1
32 0 13
33 1 10
34 2 8
35 3 6
36 4 4
37 5 1
38 6 -1
39 7 -1
40 0 8
41 1 5
42 2 3
43 3 0
44 4 -1
45 0 4
46 1 -1
47 2 -1
48 0 20
49 1 18
50 2 17
51 3 13
52 4 13
53 5 10
54 6 11
55 7 8
56 8 7
57 9 4
58 10 1
59 11 -1
60 12 0
61 13 -1
62 14 -1
63 0 14
64 1 13
65 2 11
66 3 10
67 4 8
68 5 6
69 6 4
70 7 1
71 8 -1
72 9 -1
73 0 10
74 1 8
75 2 6
76 3 4
77 4 2
78 5 0
79 6 -1
80 0 6
81 1 4
82 2 2
83 3 0
84 0 25
85 1 25
86 2 23
87 3 22
88 4 19
89 5 17
90 6 17
91 7 14
92 8 13
93 9 8
94 10 7
95 11 6
96 12 4
97 13 1
98 14 -1
99 15 -1
100 16 -1
101 17 -1
102 18 -1
103 0 19
104 1 18
105 2 16
106 3 14
107 4 11
108 5 11
109 6 8
110 7 5
111 8 4
112 9 2
113 10 0
114 11 0
115 12 -1
116 13 -1
117 0 13
118 1 11
119 2 8
120 3 7
121 4 6
122 5 4
123 6 2
124 7 0
125 8 -1
126 0 7
127 1 5
128 2 3
129 3 0
130 4 -1
131 0 36
132 1 35
133 2 31
134 3 30
135 4 28
136 5 25
137 6 24
138 7 23
139 8 20
140 9 19
141 10 14
142 11 14
143 12 11
144 13 9
145 14 7
146 15 7
147 16 3
148 17 0
149 18 0
150 19 -1
151 20 -1
152 21 -1
153 22 -1
154 23 -1
155 24 -1
156 25 -1
157 0 25
158 1 26
159 2 22
160 3 20
161 4 17
162 5 15
163 6 13
164 7 11
165 8 11
166 9 9
167 10 6
168 11 5
169 12 2
170 13 1
171 14 -1
172 15 -1
173 16 -1
174 17 -1
175 0 18
176 1 16
177 2 14
178 3 12
179 4 10
180 5 8
181 6 5
182 7 4
183 8 3
184 9 0
185 10 0
186 11 -1
187 0 10
188 1 9
189 2 7
190 3 5
191 4 3
192 5 1
193 6 -1
194 27 9
195 1 42
196 2 41
197 3 38
198 4 37
199 5 34
200 6 32
201 7 30
202 8 30
203 9 26
204 10 24
205 11 22
206 12 21
207 13 19
208 14 17
209 15 13
210 16 15
211 17 10
212 18 9
213 19 12
214 20 4
215 21 4
216 22 2
217 23 -1
218 24 -1
219 25 -1
220 26 -1
221 27 -1
222 28 -1
223 29 -1
224 30 -1
225 31 -1
226 32 -1
227 0 32
228 1 30
229 2 29
230 3 25
231 4 23
232 5 22
233 6 21
234 7 21
235 8 18
236 9 14
237 10 13
238 11 12
239 12 11
240 13 7
241 14 6
242 15 4
243 16 2
244 17 -1
245 18 0
246 19 -1
247 20 -1
248 21 -1
249 22 -1
250 0 20
251 1 18
252 2 17
253 3 15
254 4 13
255 5 11
256 6 9
257 7 7
258 8 6
259 9 4
260 10 2
261 11 0
262 12 -1
263 13 -1
264 14 -1
265 0 12
266 1 10
267 2 7
268 3 6
269 4 4
270 5 1
271 6 -1
272 7 -1
273 8 -1
274 30 10
275 30 10
276 30 10
277 30 10
278 30 10
279 30 10
280 30 10
281 30 10
282 30 10
283 30 10
284 30 10
285 30 10
286 12 25
287 13 24
288 30 10
289 15 20
290 16 20
291 17 19
292 18 18
293 19 14
294 20 9
295 21 13
296 22 10
297 23 6
298 24 9
299 25 8
300 26 -1
301 27 -1
302 28 -1
303 29 1
304 30 -1
305 31 -1
306 32 -1
307 33 -1
308 34 -1
309 35 -1
310 36 -1
311 37 -1
312 38 -1
313 39 -1
314 40 -1
315 0 38
316 1 36
317 2 34
318 3 32
319 4 31
320 5 26
321 6 28
322 7 23
323 8 22
324 9 20
325 10 22
326 11 16
327 12 15
328 13 11
329 14 12
330 15 8
331 16 5
332 17 4
333 18 3
334 19 1
335 20 0
336 21 -1
337 22 -1
338 23 -1
339 24 -1
340 25 -1
341 26 -1
342 27 -1
343 0 25
344 1 24
345 2 23
346 3 20
347 4 18
348 5 16
349 6 14
350 7 13
351 8 14
352 9 9
353 10 7
354 11 5
355 12 3
356 13 0
357 14 -1
358 15 -1
359 16 -1
360 17 -1
361 0 15
362 1 13
363 2 11
364 3 10
365 4 8
366 5 5
367 6 5
368 7 2
369 8 -1
370 9 -1
371 10 -1
372 48 0
373 48 0
374 48 0
375 48 0
376 48 0
377 48 0
378 48 0
379 48 0
380 48 0
381 48 0
382 48 0
383 48 0
384 48 0
385 48 0
386 48 0
387 48 0
388 48 0
389 48 0
390 48 0
391 48 0
392 48 0
393 48 0
394 48 0
395 48 0
396 48 0
397 48 0
398 48 0
399 48 0
400 48 0
401 48 0
402 48 0
403 48 0
404 48 0
405 48 0
406 48 0
407 48 0
408 48 0
409 48 0
410 48 0
411 48 0
412 48 0
413 48 0
414 48 0
415 48 0
416 48 0
417 48 0
418 48 0
419 48 0
420 48 0
421 48 0
422 48 0
423 48 0
424 48 0
425 30 10
426 30 10
427 30 10
428 30 10
429 30 10
430 30 10
431 30 10
432 30 10
433 30 10
434 30 10
435 30 10
436 30 10
437 30 10
438 13 17
439 14 25
440 15 16
441 16 15
442 17 15
443 18 14
444 19 11
445 20 11
446 21 5
447 22 3
448 23 2
449 24 -1
450 25 -1
451 26 -1
452 27 -1
453 28 -1
454 29 -1
455 30 -1
456 31 -1
457 32 -1
458 33 -1
459 34 -1
460 35 -1
461 36 -1
462 0 31
463 1 32
464 2 28
465 3 26
466 4 25
467 5 22
468 6 20
469 7 17
470 8 17
471 9 13
472 10 14
473 11 10
474 12 9
475 13 6
476 14 6
477 15 5
478 16 1
479 17 -1
480 18 1
481 19 -1
482 20 -1
483 21 -1
484 22 -1
485 23 -1
486 0 20
487 1 19
488 2 15
489 3 13
490 4 11
491 5 11
492 6 7
493 7 6
494 8 4
495 9 3
496 10 0
497 11 0
498 12 -1
499 13 -1
500 48 12
501 48 12
502 48 12
503 48 12
504 48 12
505 48 12
506 48 12
507 48 12
508 48 12
509 48 12
510 48 12
511 48 12
512 48 12
513 48 12
514 48 12
515 48 12
516 48 12
517 48 12
518 48 12
519 48 12
520 48 12
521 48 12
522 48 12
523 48 12
524 48 12
525 48 12
526 48 12
527 48 12
528 48 12
529 48 12
530 48 12
531 48 12
532 48 12
533 48 12
534 48 12
535 48 12
536 48 12
537 48 12
538 48 12
539 48 12
540 48 12
541 48 12
542 48 12
543 48 12
544 48 12
545 48 12
546 48 12
547 48 12
548 48 12
549 48 12
550 48 12
551 48 12
552 48 12
553 48 12
554 48 12
555 48 12
556 48 12
557 48 12
558 30 10
559 30 10
560 30 10
561 30 10
562 30 10
563 30 10
564 30 10
565 30 10
566 30 10
567 30 10
568 30 10
569 30 10
570 30 10
571 30 10
572 30 10
573 15 21
574 30 10
575 30 10
576 18 18
577 19 17
578 20 12
579 21 10
580 22 5
581 23 7
582 24 6
583 25 3
584 26 6
585 27 1
586 28 2
587 29 -1
588 30 -1
589 31 -1
590 32 -1
591 33 -1
592 34 -1
593 35 -1
594 36 -1
595 37 -1
596 38 -1
597 39 -1
598 40 -1
599 0 34
600 1 31
601 2 30
602 3 29
603 4 26
604 5 26
605 6 25
606 7 18
607 8 15
608 9 16
609 10 13
610 11 14
611 12 12
612 13 9
613 14 7
614 15 6
615 16 3
616 17 0
617 18 0
618 19 -1
619 20 -1
620 21 -1
621 22 -1
622 23 -1
623 24 -1
624 25 -1
625 0 20
626 1 17
627 2 16
628 3 14
629 4 13
630 5 11
631 6 10
632 7 8
633 8 4
634 9 3
635 10 1
636 11 0
637 12 -1
638 13 -1
639 14 -1
640 70 0
641 70 0
642 70 0
643 70 0
644 70 0
645 70 0
646 70 0
647 70 0
648 70 0
649 70 0
650 70 0
651 70 0
652 70 0
653 70 0
654 70 0
655 70 0
656 70 0
657 70 0
658 70 0
659 70 0
660 70 0
661 70 0
662 70 0
663 70 0
664 70 0
665 70 0
666 70 0
667 70 0
668 70 0
669 70 0
670 70 0
671 70 0
672 70 0
673 70 0
674 70 0
675 70 0
676 70 0
677 70 0
678 70 0
679 70 0
680 70 0
681 70 0
682 70 0
683 70 0
684 70 0
685 70 0
686 70 0
687 70 0
688 70 0
689 70 0
690 70 0
691 70 0
692 70 0
693 70 0
694 70 0
695 70 0
696 70 0
697 70 0
698 70 0
699 70 0
700 70 0
701 70 0
702 70 0
703 70 0
704 70 0
705 70 0
706 70 0
707 70 0
708 70 0
709 70 0
710 70 0
711 70 0
712 70 0
713 44 0
714 44 0
715 44 0
716 44 0
717 44 0
718 44 0
719 44 0
720 44 0
721 44 0
722 44 0
723 44 0
724 44 0
725 44 0
726 44 0
727 44 0
728 44 0
729 44 0
730 44 0
731 44 0
732 44 0
733 44 0
734 44 0
735 44 0
736 44 0
737 44 0
738 44 0
739 44 0
740 44 0
741 44 0
742 44 0
743 44 0
744 44 0
745 44 0
746 44 0
747 44 0
748 44 0
749 44 0
750 44 0
751 44 0
752 44 0
753 44 0
754 44 0
755 44 0
756 44 0
757 44 0
758 44 0
759 44 0
760 44 0
761 44 0
762 44 0
763 44 0
764 0 40
765 30 0
766 2 38
767 3 35
768 4 32
769 5 32
770 6 27
771 7 26
772 8 27
773 9 23
774 10 22
775 11 20
776 12 17
777 13 14
778 14 16
779 15 12
780 16 6
781 17 10
782 18 7
783 19 4
784 20 5
785 21 7
786 22 0
787 23 3
788 24 -1
789 25 -1
790 26 -1
791 27 -1
792 28 -1
793 29 -1
794 30 -1
795 31 -1
796 32 -1
797 0 25
798 1 24
799 2 23
800 3 19
801 4 18
802 5 16
803 6 15
804 7 13
805 8 12
806 9 8
807 10 6
808 11 5
809 12 2
810 13 1
811 14 -1
812 15 -1
813 16 -1
814 17 -1
815 18 -1
816 75 15
817 75 15
818 75 15
819 75 15
820 75 15
821 75 15
822 75 15
823 75 15
824 75 15
825 75 15
826 75 15
827 75 15
828 75 15
829 75 15
830 75 15
831 75 15
832 75 15
833 75 15
834 75 15
835 75 15
836 75 15
837 75 15
838 75 15
839 75 15
840 75 15
841 75 15
842 75 15
843 75 15
844 75 15
845 75 15
846 75 15
847 75 15
848 75 15
849 75 15
850 75 15
851 75 15
852 75 15
853 75 15
854 75 15
855 75 15
856 75 15
857 75 15
858 75 15
859 75 15
860 75 15
861 75 15
862 75 15
863 75 15
864 75 15
865 75 15
866 75 15
867 75 15
868 75 15
869 75 15
870 75 15
871 75 15
872 75 15
873 75 15
874 75 15
875 75 15
876 75 15
877 75 15
878 75 15
879 75 15
880 75 15
881 75 15
882 75 15
883 75 15
884 75 15
885 75 15
886 75 15
887 75 15
888 75 15
889 75 15
890 75 15
891 75 15
892 75 15
893 75 15
894 75 15
895 75 15
896 75 15
897 75 15
898 75 15
899 75 15
900 75 15
901 75 15
902 75 15
903 75 15
904 75 15
905 75 15
906 75 15
907 75 15
908 75 15
909 52 13
910 52 13
911 52 13
912 52 13
913 52 13
914 52 13
915 52 13
916 52 13
917 52 13
918 52 13
919 52 13
920 52 13
921 52 13
922 52 13
923 52 13
924 52 13
925 52 13
926 52 13
927 52 13
928 52 13
929 52 13
930 52 13
931 52 13
932 52 13
933 52 13
934 52 13
935 52 13
936 52 13
937 52 13
938 52 13
939 52 13
940 52 13
941 52 13
942 52 13
943 52 13
944 52 13
945 52 13
946 52 13
947 52 13
948 52 13
949 52 13
950 52 13
951 52 13
952 52 13
953 52 13
954 52 13
955 52 13
956 52 13
957 52 13
958 52 13
959 52 13
960 52 13
961 52 13
962 52 13
963 52 13
964 52 13
965 52 13
966 52 13
967 52 13
968 52 13
969 52 13
970 52 13
971 52 13
972 52 13
973 52 13
974 30 10
975 30 10
976 30 10
977 30 10
978 30 10
979 30 10
980 30 10
981 30 10
982 30 10
983 30 10
984 30 10
985 30 10
986 30 10
987 13 24
988 30 10
989 30 10
990 30 10
991 17 18
992 30 10
993 19 15
994 20 15
995 21 13
996 22 12
997 23 11
998 24 6
999 25 3
1000 26 6
1001 27 6
1002 28 1
1003 29 0
1004 30 -1
1005 31 -1
1006 32 -1
1007 33 -1
1008 34 -1
1009 35 -1
1010 36 -1
1011 37 -1
1012 38 -1
1013 39 -1
1014 40 -1
1015 41 -1
1016 0 28
1017 1 29
1018 2 28
1019 3 25
1020 4 22
1021 5 21
1022 6 21
1023 7 18
1024 8 14
1025 9 13
1026 10 12
1027 11 11
1028 12 7
1029 13 6
1030 14 5
1031 15 3
1032 16 1
1033 17 2
1034 18 -1
1035 19 -1
1036 20 -1
1037 21 -1
1038 22 -1
1039 23 -1
1040 108 0
1041 108 0
1042 108 0
1043 108 0
1044 108 0
1045 108 0
1046 108 0
1047 108 0
1048 108 0
1049 108 0
1050 108 0
1051 108 0
1052 108 0
1053 108 0
1054 108 0
1055 108 0
1056 108 0
1057 108 0
1058 108 0
1059 108 0
1060 108 0
1061 108 0
1062 108 0
1063 108 0
1064 108 0
1065 108 0
1066 108 0
1067 108 0
1068 108 0
1069 108 0
1070 108 0
1071 108 0
1072 108 0
1073 108 0
1074 108 0
1075 108 0
1076 108 0
1077 108 0
1078 108 0
1079 108 0
1080 108 0
1081 108 0
1082 108 0
1083 108 0
1084 108 0
1085 108 0
1086 108 0
1087 108 0
1088 108 0
1089 108 0
1090 108 0
1091 108 0
1092 108 0
1093 108 0
1094 108 0
1095 108 0
1096 108 0
1097 108 0
1098 108 0
1099 108 0
1100 108 0
1101 108 0
1102 108 0
1103 108 0
1104 108 0
1105 108 0
1106 108 0
1107 108 0
1108 108 0
1109 108 0
1110 108 0
1111 108 0
1112 108 0
1113 108 0
1114 108 0
1115 108 0
1116 108 0
1117 108 0
1118 108 0
1119 108 0
1120 108 0
1121 108 0
1122 108 0
1123 108 0
1124 108 0
1125 70 0
1126 70 0
1127 70 0
1128 70 0
1129 70 0
1130 70 0
1131 70 0
1132 70 0
1133 70 0
1134 70 0
1135 70 0
1136 70 0
1137 70 0
1138 70 0
1139 70 0
1140 70 0
1141 70 0
1142 70 0
1143 70 0
1144 70 0
1145 70 0
1146 70 0
1147 70 0
1148 70 0
1149 70 0
1150 70 0
1151 70 0
1152 70 0
1153 70 0
1154 70 0
1155 70 0
1156 70 0
1157 70 0
1158 70 0
1159 70 0
1160 70 0
1161 70 0
1162 70 0
1163 70 0
1164 70 0
1165 70 0
1166 70 0
1167 70 0
1168 70 0
1169 70 0
1170 70 0
1171 70 0
1172 70 0
1173 70 0
1174 70 0
1175 70 0
1176 70 0
1177 70 0
1178 70 0
1179 70 0
1180 70 0
1181 70 0
1182 70 0
1183 70 0
1184 70 0
1185 70 0
1186 70 0
1187 70 0
1188 70 0
1189 70 0
1190 70 0
1191 70 0
1192 70 0
1193 70 0
1194 70 0
1195 70 0
1196 70 0
1197 70 0
1198 70 0
1199 70 0
1200 70 0
1201 70 0
1202 70 0
1203 70 0
1204 44 0
1205 44 0
1206 44 0
1207 44 0
1208 44 0
1209 44 0
1210 44 0
1211 44 0
1212 44 0
1213 44 0
1214 44 0
1215 44 0
1216 44 0
1217 44 0
1218 44 0
1219 44 0
1220 44 0
1221 44 0
1222 44 0
1223 44 0
1224 44 0
1225 44 0
1226 44 0
1227 44 0
1228 44 0
1229 44 0
1230 44 0
1231 44 0
1232 44 0
1233 44 0
1234 44 0
1235 44 0
1236 44 0
1237 44 0
1238 44 0
1239 44 0
1240 44 0
1241 44 0
1242 44 0
1243 44 0
1244 44 0
1245 44 0
1246 44 0
1247 44 0
1248 44 0
1249 44 0
1250 44 0
1251 44 0
1252 44 0
1253 44 0
1254 44 0
1255 0 35
1256 1 35
1257 2 32
1258 3 33
1259 4 30
1260 5 27
1261 6 25
1262 7 24
1263 8 21
1264 9 19
1265 10 17
1266 11 19
1267 12 13
1268 13 10
1269 14 11
1270 15 8
1271 16 7
1272 17 3
1273 18 3
1274 19 -1
1275 20 3
1276 21 -1
1277 22 -1
1278 23 -1
1279 24 -1
1280 25 -1
1281 26 -1
1282 27 -1
1283 28 -1
1284 150 0
1285 150 0
1286 150 0
1287 150 0
1288 150 0
1289 150 0
1290 150 0
1291 150 0
1292 150 0
1293 150 0
1294 150 0
1295 150 0
1296 150 0
1297 150 0
1298 150 0
1299 150 0
1300 150 0
1301 150 0
1302 150 0
1303 150 0
1304 150 0
1305 150 0
1306 150 0
1307 150 0
1308 150 0
1309 150 0
1310 150 0
1311 150 0
1312 150 0
1313 150 0
1314 150 0
1315 150 0
1316 150 0
1317 150 0
1318 150 0
1319 150 0
1320 150 0
1321 150 0
1322 150 0
1323 150 0
1324 150 0
1325 150 0
1326 150 0
1327 150 0
1328 150 0
1329 150 0
1330 150 0
1331 150 0
1332 150 0
1333 150 0
1334 150 0
1335 150 0
1336 150 0
1337 150 0
1338 150 0
1339 150 0
1340 150 0
1341 150 0
1342 150 0
1343 150 0
1344 150 0
1345 150 0
1346 150 0
1347 150 0
1348 150 0
1349 105 0
1350 105 0
1351 105 0
1352 105 0
1353 105 0
1354 105 0
1355 105 0
1356 105 0
1357 105 0
1358 105 0
1359 105 0
1360 105 0
1361 105 0
1362 105 0
1363 105 0
1364 105 0
1365 105 0
1366 105 0
1367 105 0
1368 105 0
1369 105 0
1370 105 0
1371 105 0
1372 105 0
1373 105 0
1374 105 0
1375 105 0
1376 105 0
1377 105 0
1378 105 0
1379 105 0
1380 105 0
1381 105 0
1382 105 0
1383 105 0
1384 105 0
1385 105 0
1386 105 0
1387 105 0
1388 105 0
1389 105 0
1390 105 0
1391 105 0
1392 105 0
1393 105 0
1394 105 0
1395 105 0
1396 105 0
1397 105 0
1398 105 0
1399 105 0
1400 105 0
1401 105 0
1402 105 0
1403 105 0
1404 105 0
1405 105 0
1406 105 0
1407 105 0
1408 105 0
1409 105 0
1410 105 0
1411 105 0
1412 105 0
1413 105 0
1414 64 0
1415 64 0
1416 64 0
1417 64 0
1418 64 0
1419 64 0
1420 64 0
1421 64 0
1422 64 0
1423 64 0
1424 64 0
1425 64 0
1426 64 0
1427 64 0
1428 64 0
1429 64 0
1430 64 0
1431 64 0
1432 64 0
1433 64 0
1434 64 0
1435 64 0
1436 64 0
1437 64 0
1438 64 0
1439 64 0
1440 64 0
1441 64 0
1442 64 0
1443 64 0
1444 64 0
1445 64 0
1446 64 0
1447 64 0
1448 64 0
1449 64 0
1450 64 0
1451 64 0
1452 64 0
1453 64 0
1454 64 0
1455 64 0
1456 64 0
1457 64 0
1458 64 0
1459 64 0
1460 64 0
1461 64 0
1462 64 0
1463 64 0
1464 64 0
1465 64 0
1466 64 0
1467 64 0
1468 64 0
1469 64 0
1470 64 0
1471 64 0
1472 64 0
1473 64 0
1474 64 0
1475 64 0
1476 64 0
1477 64 0
1478 64 0
1479 36 0
1480 36 0
1481 36 0
1482 36 0
1483 36 0
1484 36 0
1485 36 0
1486 36 0
1487 36 0
1488 36 0
1489 36 0
1490 11 22
1491 12 19
1492 36 0
1493 14 13
1494 15 14
1495 16 12
1496 17 7
1497 18 13
1498 19 9
1499 20 4
1500 21 2
1501 22 6
1502 23 -1
1503 24 -1
1504 25 -1
1505 26 -1
1506 27 -1
1507 28 -1
1508 29 -1
1509 30 -1
1510 31 -1
1511 32 -1
1512 33 -1
1513 34 -1
1514 35 -1
1515 36 -1
1516 37 -1
1517 38 -1