12 0 0 0 0 5 7 0 1 0 0 1 0 
12 0 0 0 0 5 7 0 1 0 0 1 0 
12 0 0 0 0 5 7 0 1 0 0 1 0 
12 0 0 0 0 5 7 0 1 0 0 1 0 
12 0 0 0 0 5 7 0 1 0 0 1 0 
12 0 0 0 0 5 7 0 1 0 0 1 0 
8 6 0 0 0 0 7 0 0 3 0 9 0 
0 18 0 0 0 6 0 0 0 0 1 2 0 
0 18 0 0 0 6 0 0 0 0 1 2 0 
0 18 0 0 0 6 0 0 0 0 1 2 0 
0 18 0 0 0 6 0 0 0 0 1 2 0 
0 18 0 0 0 6 0 0 0 0 1 2 0 
0 18 0 0 0 6 0 0 0 0 1 2 0 
0 18 0 0 0 6 0 0 0 0 1 2 0 
0 2 17 0 2 10 0 7 1 1 0 0 1 
0 0 24 0 0 0 0 0 0 9 0 0 0 
0 0 24 0 0 0 0 0 0 9 0 0 0 
0 0 24 0 0 0 0 0 0 9 0 0 0 
0 0 24 0 0 0 0 0 0 9 0 0 0 
0 0 24 0 0 0 0 0 0 9 0 0 0 
0 0 24 0 0 0 0 0 0 9 0 0 0 
0 0 11 18 1 6 0 7 0 0 0 0 0 
0 0 0 35 0 0 0 0 0 0 0 0 0 
0 0 0 35 0 0 0 0 0 0 0 0 0 
0 0 0 35 0 0 0 0 0 0 0 0 0 
0 0 0 35 0 0 0 0 0 0 0 0 0 
0 0 0 20 22 0 0 1 0 8 1 0 10 
0 0 0 0 45 0 0 0 1 0 0 0 0 
0 0 0 0 45 0 0 0 1 0 0 0 0 
0 0 0 0 45 0 0 0 1 0 0 0 0 
0 0 0 0 45 0 0 0 1 0 0 0 0 
0 0 0 0 11 42 0 0 0 0 0 18 0 
0 0 0 0 0 54 7 0 0 0 0 0 0 
0 0 0 0 0 38 21 0 0 0 0 0 22 
0 0 0 0 0 0 70 0 0 0 0 0 11 
0 0 0 0 0 0 70 0 0 0 0 0 11 
0 0 0 0 0 0 29 60 0 0 1 1 10 
0 0 0 0 0 0 0 96 0 0 0 0 0 
0 0 0 0 0 0 0 87 8 0 0 0 10 
0 0 0 0 0 0 0 0 96 0 10 0 0 
0 0 0 0 0 0 0 0 96 0 10 0 0 
0 0 0 0 0 0 0 0 69 44 1 0 10 
0 0 0 0 0 0 0 0 0 110 30 0 11 
0 0 0 0 0 0 0 0 0 0 132 31 20 
0 0 0 0 0 0 0 0 0 0 0 89 12 
45 931.5 923.893
8 0 3 0 0 1 0 0 1 0 1 0 0 
8 0 3 0 0 1 0 0 1 0 1 0 0 
8 0 3 0 0 1 0 0 1 0 1 0 0 
8 0 3 0 0 1 0 0 1 0 1 0 0 
8 0 3 0 0 1 0 0 1 0 1 0 0 
8 0 3 0 0 1 0 0 1 0 1 0 0 
8 0 3 0 0 1 0 0 1 0 1 0 0 
8 0 3 0 0 1 0 0 1 0 1 0 0 
8 0 3 0 0 1 0 0 1 0 1 0 0 
8 0 3 0 0 1 0 0 1 0 1 0 0 
0 12 0 0 4 0 1 0 0 0 0 0 0 
0 12 0 0 4 0 1 0 0 0 0 0 0 
0 12 0 0 4 0 1 0 0 0 0 0 0 
0 12 0 0 4 0 1 0 0 0 0 0 0 
0 12 0 0 4 0 1 0 0 0 0 0 0 
0 12 0 0 4 0 1 0 0 0 0 0 0 
0 12 0 0 4 0 1 0 0 0 0 0 0 
0 12 0 0 4 0 1 0 0 0 0 0 0 
0 12 0 0 4 0 1 0 0 0 0 0 0 
0 12 0 0 4 0 1 0 0 0 0 0 0 
0 12 0 0 4 0 1 0 0 0 0 0 0 
0 2 12 0 4 4 0 0 1 7 0 0 1 
0 0 15 4 0 0 0 0 0 0 0 0 0 
0 0 15 4 0 0 0 0 0 0 0 0 0 
0 0 15 4 0 0 0 0 0 0 0 0 0 
0 0 15 4 0 0 0 0 0 0 0 0 0 
0 0 15 4 0 0 0 0 0 0 0 0 0 
0 0 15 4 0 0 0 0 0 0 0 0 0 
0 0 15 4 0 0 0 0 0 0 0 0 0 
0 0 15 4 0 0 0 0 0 0 0 0 0 
0 0 10 8 0 0 0 6 0 0 0 0 0 
0 0 0 20 4 0 0 0 1 0 0 0 9 
0 0 0 20 4 0 0 0 1 0 0 0 9 
0 0 0 20 4 0 0 0 1 0 0 0 9 
0 0 0 20 4 0 0 0 1 0 0 0 9 
0 0 0 20 4 0 0 0 1 0 0 0 9 
0 0 0 20 4 0 0 0 1 0 0 0 9 
0 0 0 18 8 0 0 0 1 6 0 0 9 
0 0 0 0 28 5 0 0 0 1 0 0 0 
0 0 0 0 28 5 0 0 0 1 0 0 0 
0 0 0 0 28 5 0 0 0 1 0 0 0 
0 0 0 0 28 5 0 0 0 1 0 0 0 
0 0 0 0 24 9 0 0 1 1 0 0 7 
0 0 0 0 0 35 0 0 6 0 0 8 0 
0 0 0 0 0 35 0 0 6 0 0 8 0 
0 0 0 0 0 35 0 0 6 0 0 8 0 
0 0 0 0 0 35 0 0 6 0 0 8 0 
0 0 0 0 0 35 0 0 6 0 0 8 0 
0 0 0 0 0 4 40 5 0 0 1 8 7 
0 0 0 0 0 0 48 0 0 0 0 9 0 
0 0 0 0 0 0 48 0 0 0 0 9 0 
0 0 0 0 0 0 48 0 0 0 0 9 0 
0 0 0 0 0 0 48 0 0 0 0 9 0 
0 0 0 0 0 0 3 54 0 0 0 9 8 
0 0 0 0 0 0 0 66 0 0 0 1 0 
0 0 0 0 0 0 0 66 0 0 0 1 0 
0 0 0 0 0 0 0 61 6 0 0 0 0 
0 0 0 0 0 0 0 0 70 0 0 0 0 
0 0 0 0 0 0 0 0 70 0 0 0 0 
0 0 0 0 0 0 0 0 70 0 0 0 0 
0 0 0 0 0 0 0 0 15 63 0 0 14 
0 0 0 0 0 0 0 0 0 84 0 8 0 
0 0 0 0 0 0 0 0 0 55 32 9 8 
0 0 0 0 0 0 0 0 0 0 112 0 0 
0 0 0 0 0 0 0 0 0 0 37 56 20 
65 897 888.643
4 2 0 0 0 0 0 0 0 6 0 0 6 
4 2 0 0 0 0 0 0 0 6 0 0 6 
4 2 0 0 0 0 0 0 0 6 0 0 6 
4 2 0 0 0 0 0 0 0 6 0 0 6 
4 2 0 0 0 0 0 0 0 6 0 0 6 
4 2 0 0 0 0 0 0 0 6 0 0 6 
4 2 0 0 0 0 0 0 0 6 0 0 6 
4 2 0 0 0 0 0 0 0 6 0 0 6 
4 2 0 0 0 0 0 0 0 6 0 0 6 
4 2 0 0 0 0 0 0 0 6 0 0 6 
4 2 0 0 0 0 0 0 0 6 0 0 6 
4 2 0 0 0 0 0 0 0 6 0 0 6 
4 2 0 0 0 0 0 0 0 6 0 0 6 
4 2 0 0 0 0 0 0 0 6 0 0 6 
4 2 0 0 0 0 0 0 0 6 0 0 6 
4 2 0 0 0 0 0 0 0 6 0 0 6 
4 2 0 0 0 0 0 0 0 6 0 0 6 
4 2 0 0 0 0 0 0 0 6 0 0 6 
4 2 0 0 0 0 0 0 0 6 0 0 6 
4 2 0 0 0 0 0 0 0 6 0 0 6 
0 6 0 0 3 3 0 1 0 1 0 0 0 
0 6 0 0 3 3 0 1 0 1 0 0 0 
0 6 0 0 3 3 0 1 0 1 0 0 0 
0 6 0 0 3 3 0 1 0 1 0 0 0 
0 6 0 0 3 3 0 1 0 1 0 0 0 
0 6 0 0 3 3 0 1 0 1 0 0 0 
0 6 0 0 3 3 0 1 0 1 0 0 0 
0 6 0 0 3 3 0 1 0 1 0 0 0 
0 6 0 0 3 3 0 1 0 1 0 0 0 
0 6 0 0 3 3 0 1 0 1 0 0 0 
0 6 0 0 3 3 0 1 0 1 0 0 0 
0 6 0 0 3 3 0 1 0 1 0 0 0 
0 6 0 0 3 3 0 1 0 1 0 0 0 
0 6 0 0 3 3 0 1 0 1 0 0 0 
0 6 0 0 3 3 0 1 0 1 0 0 0 
0 4 2 0 3 6 0 1 0 1 2 0 0 
0 0 10 0 1 0 0 0 0 0 0 0 7 
0 0 10 0 1 0 0 0 0 0 0 0 1 
0 0 10 0 1 0 0 0 0 0 0 0 0 
0 0 10 0 1 0 0 0 0 0 0 0 0 
0 0 10 0 1 0 0 0 0 0 0 0 0 
0 0 10 0 1 0 0 0 0 0 0 0 0 
0 0 10 0 1 0 0 0 0 0 0 0 0 
0 0 10 0 1 0 0 0 0 0 0 0 0 
0 0 10 0 1 0 0 0 0 0 0 0 0 
0 0 10 0 1 0 0 0 0 0 0 0 0 
0 0 10 0 1 0 0 0 0 0 0 0 0 
0 0 10 0 1 0 0 0 0 0 0 0 0 
0 0 10 0 1 0 0 0 0 0 0 0 0 
0 0 10 0 1 0 0 0 0 0 0 0 0 
0 0 10 0 1 0 0 0 0 0 0 0 0 
0 0 10 0 1 0 0 0 0 0 0 0 0 
0 0 10 0 1 0 0 0 0 0 0 0 0 
0 0 0 12 0 0 4 0 0 5 1 0 0 
0 0 0 12 0 0 4 0 0 5 1 0 0 
0 0 0 12 0 0 4 0 0 5 1 0 0 
0 0 0 12 0 0 4 0 0 5 1 0 0 
0 0 0 12 0 0 4 0 0 5 1 0 0 
0 0 0 12 0 0 4 0 0 5 1 0 0 
0 0 0 12 0 0 4 0 0 5 1 0 0 
0 0 0 12 0 0 4 0 0 5 1 0 0 
0 0 0 12 0 0 4 0 0 5 1 0 0 
0 0 0 12 0 0 4 0 0 5 1 0 0 
0 0 0 12 0 0 4 0 0 5 1 0 0 
0 0 0 12 0 0 4 0 0 5 1 0 0 
0 0 0 12 0 0 4 0 0 5 1 0 0 
0 0 0 12 0 0 4 0 0 5 1 0 0 
0 0 0 10 3 0 4 0 0 9 1 0 0 
0 0 0 0 18 0 0 0 1 0 6 0 0 
0 0 0 0 18 0 0 0 1 0 6 0 0 
0 0 0 0 18 0 0 0 1 0 6 0 0 
0 0 0 0 18 0 0 0 1 0 6 0 0 
0 0 0 0 18 0 0 0 1 0 6 0 0 
0 0 0 0 18 0 0 0 1 0 6 0 0 
0 0 0 0 18 0 0 0 1 0 6 0 0 
0 0 0 0 18 0 0 0 1 0 6 0 0 
0 0 0 0 4 19 1 0 0 0 6 6 0 
0 0 0 0 0 24 0 0 0 0 7 0 0 
0 0 0 0 0 24 0 0 0 0 7 0 0 
0 0 0 0 0 24 0 0 0 0 7 0 0 
0 0 0 0 0 24 0 0 0 0 7 0 0 
0 0 0 0 0 24 0 0 0 0 7 0 0 
0 0 0 0 0 24 0 0 0 0 7 0 0 
0 0 0 0 0 8 18 0 0 5 2 0 0 
0 0 0 0 0 0 28 4 1 0 0 0 0 
0 0 0 0 0 0 28 4 1 0 0 0 0 
0 0 0 0 0 0 28 4 1 0 0 0 0 
0 0 0 0 0 0 28 4 1 0 0 0 0 
0 0 0 0 0 0 28 4 1 0 0 0 0 
0 0 0 0 0 0 27 5 1 0 0 0 0 
0 0 0 0 0 0 0 40 0 0 0 0 0 
0 0 0 0 0 0 0 40 0 0 0 0 0 
0 0 0 0 0 0 0 40 0 0 0 0 0 
0 0 0 0 0 0 0 40 0 0 0 0 0 
0 0 0 0 0 0 0 40 0 0 0 0 0 
0 0 0 0 0 0 0 17 22 0 0 0 0 
0 0 0 0 0 0 0 0 45 0 0 0 0 
0 0 0 0 0 0 0 0 45 0 0 0 0 
0 0 0 0 0 0 0 0 45 0 0 0 0 
0 0 0 0 0 0 0 0 45 0 0 0 0 
0 0 0 0 0 0 0 0 45 0 0 0 0 
0 0 0 0 0 0 0 0 19 0 39 0 0 
0 0 0 0 0 0 0 0 0 0 38 42 0 
0 0 0 0 0 0 0 0 0 0 0 84 0 
0 0 0 0 0 0 0 0 0 0 0 36 0 
105 882 865.393
2 1 0 0 1 0 0 0 0 0 0 0 6 
2 1 0 0 1 0 0 0 0 0 0 0 6 
2 1 0 0 1 0 0 0 0 0 0 0 6 
2 1 0 0 1 0 0 0 0 0 0 0 6 
2 1 0 0 1 0 0 0 0 0 0 0 6 
2 1 0 0 1 0 0 0 0 0 0 0 6 
2 1 0 0 1 0 0 0 0 0 0 0 6 
2 1 0 0 1 0 0 0 0 0 0 0 6 
2 1 0 0 1 0 0 0 0 0 0 0 6 
2 1 0 0 1 0 0 0 0 0 0 0 6 
2 1 0 0 1 0 0 0 0 0 0 0 6 
2 1 0 0 1 0 0 0 0 0 0 0 6 
2 1 0 0 1 0 0 0 0 0 0 0 6 
2 1 0 0 1 0 0 0 0 0 0 0 6 
2 1 0 0 1 0 0 0 0 0 0 0 6 
2 1 0 0 1 0 0 0 0 0 0 0 6 
2 1 0 0 1 0 0 0 0 0 0 0 6 
2 1 0 0 1 0 0 0 0 0 0 0 6 
2 1 0 0 1 0 0 0 0 0 0 0 6 
2 1 0 0 1 0 0 0 0 0 0 0 6 
2 1 0 0 1 0 0 0 0 0 0 0 6 
2 1 0 0 1 0 0 0 0 0 0 0 2 
2 1 0 0 1 0 0 0 0 0 0 0 0 
2 1 0 0 1 0 0 0 0 0 0 0 0 
2 1 0 0 1 0 0 0 0 0 0 0 0 
2 1 0 0 1 0 0 0 0 0 0 0 0 
2 1 0 0 1 0 0 0 0 0 0 0 0 
2 1 0 0 1 0 0 0 0 0 0 0 0 
2 1 0 0 1 0 0 0 0 0 0 0 0 
2 1 0 0 1 0 0 0 0 0 0 0 0 
2 1 0 0 1 0 0 0 0 0 0 0 0 
2 1 0 0 1 0 0 0 0 0 0 0 0 
2 1 0 0 1 0 0 0 0 0 0 0 0 
2 1 0 0 1 0 0 0 0 0 0 0 0 
2 1 0 0 1 0 0 0 0 0 0 0 0 
2 1 0 0 1 0 0 0 0 0 0 0 0 
2 1 0 0 1 0 0 0 0 0 0 0 0 
2 1 0 0 1 0 0 0 0 0 0 0 0 
2 1 0 0 1 0 0 0 0 0 0 0 0 
2 1 0 0 1 0 0 0 0 0 0 0 0 
0 3 0 2 0 0 0 0 0 2 0 0 0 
0 3 0 2 0 0 0 0 0 2 0 0 0 
0 3 0 2 0 0 0 0 0 2 0 0 0 
0 3 0 2 0 0 0 0 0 2 0 0 0 
0 3 0 2 0 0 0 0 0 2 0 0 0 
0 3 0 2 0 0 0 0 0 2 0 0 0 
0 3 0 2 0 0 0 0 0 2 0 0 0 
0 3 0 2 0 0 0 0 0 2 0 0 0 
0 3 0 2 0 0 0 0 0 2 0 0 0 
0 3 0 2 0 0 0 0 0 2 0 0 0 
0 3 0 2 0 0 0 0 0 2 0 0 0 
0 3 0 2 0 0 0 0 0 2 0 0 0 
0 3 0 2 0 0 0 0 0 2 0 0 0 
0 3 0 2 0 0 0 0 0 2 0 0 0 
0 3 0 2 0 0 0 0 0 2 0 0 0 
0 3 0 2 0 0 0 0 0 2 0 0 0 
0 3 0 2 0 0 0 0 0 2 0 0 0 
0 3 0 2 0 0 0 0 0 2 0 0 0 
0 3 0 2 0 0 0 0 0 2 0 0 0 
0 3 0 2 0 0 0 0 0 2 0 0 0 
0 3 0 2 0 0 0 0 0 2 0 0 0 
0 3 0 2 0 0 0 0 0 2 0 0 0 
0 3 0 2 0 0 0 0 0 2 0 0 0 
0 3 0 2 0 0 0 0 0 2 0 0 0 
0 3 0 2 0 0 0 0 0 2 0 0 0 
0 3 0 2 0 0 0 0 0 2 0 0 0 
0 3 0 2 0 0 0 0 0 2 0 0 0 
0 3 0 2 0 0 0 0 0 2 0 0 0 
0 3 0 2 0 0 0 0 0 2 0 0 0 
0 3 0 2 0 0 0 0 0 2 0 0 0 
0 3 0 2 0 0 0 0 0 2 0 0 0 
0 1 2 2 0 3 0 0 1 2 3 0 0 
0 0 6 0 0 0 0 0 0 0 0 0 0 
0 0 6 0 0 0 0 0 0 0 0 0 0 
0 0 6 0 0 0 0 0 0 0 0 0 0 
0 0 6 0 0 0 0 0 0 0 0 0 0 
0 0 6 0 0 0 0 0 0 0 0 0 0 
0 0 6 0 0 0 0 0 0 0 0 0 0 
0 0 6 0 0 0 0 0 0 0 0 0 0 
0 0 6 0 0 0 0 0 0 0 0 0 0 
0 0 6 0 0 0 0 0 0 0 0 0 0 
0 0 6 0 0 0 0 0 0 0 0 0 0 
0 0 6 0 0 0 0 0 0 0 0 0 0 
0 0 6 0 0 0 0 0 0 0 0 0 0 
0 0 6 0 0 0 0 0 0 0 0 0 0 
0 0 6 0 0 0 0 0 0 0 0 0 0 
0 0 6 0 0 0 0 0 0 0 0 0 0 
0 0 6 0 0 0 0 0 0 0 0 0 0 
0 0 6 0 0 0 0 0 0 0 0 0 0 
0 0 6 0 0 0 0 0 0 0 0 0 0 
0 0 6 0 0 0 0 0 0 0 0 0 0 
0 0 6 0 0 0 0 0 0 0 0 0 0 
0 0 6 0 0 0 0 0 0 0 0 0 0 
0 0 6 0 0 0 0 0 0 0 0 0 0 
0 0 6 0 0 0 0 0 0 0 0 0 0 
0 0 6 0 0 0 0 0 0 0 0 0 0 
0 0 6 0 0 0 0 0 0 0 0 0 0 
0 0 6 0 0 0 0 0 0 0 0 0 0 
0 0 6 0 0 0 0 0 0 0 0 0 0 
0 0 6 0 0 0 0 0 0 0 0 0 0 
0 0 2 4 2 0 0 6 0 0 0 1 0 
0 0 0 6 0 0 3 0 0 3 1 0 0 
0 0 0 6 0 0 3 0 0 3 1 0 0 
0 0 0 6 0 0 3 0 0 3 1 0 0 
0 0 0 6 0 0 3 0 0 3 1 0 0 
0 0 0 6 0 0 3 0 0 3 1 0 0 
0 0 0 6 0 0 3 0 0 3 1 0 0 
0 0 0 6 0 0 3 0 0 3 1 0 0 
0 0 0 6 0 0 3 0 0 3 1 0 0 
0 0 0 6 0 0 3 0 0 3 1 0 0 
0 0 0 6 0 0 3 0 0 3 1 0 0 
0 0 0 6 0 0 3 0 0 3 1 0 0 
0 0 0 6 0 0 3 0 0 3 1 0 0 
0 0 0 6 0 0 3 0 0 3 1 0 0 
0 0 0 6 0 0 3 0 0 3 1 0 0 
0 0 0 6 0 0 3 0 0 3 1 0 0 
0 0 0 6 0 0 3 0 0 3 1 0 0 
0 0 0 6 0 0 3 0 0 3 1 0 0 
0 0 0 6 0 0 3 0 0 3 1 0 0 
0 0 0 2 6 0 0 0 0 9 0 5 0 
0 0 0 0 10 0 1 0 0 0 0 0 0 
0 0 0 0 10 0 1 0 0 0 0 0 0 
0 0 0 0 10 0 1 0 0 0 0 0 0 
0 0 0 0 10 0 1 0 0 0 0 0 0 
0 0 0 0 10 0 1 0 0 0 0 0 0 
0 0 0 0 10 0 1 0 0 0 0 0 0 
0 0 0 0 10 0 1 0 0 0 0 0 0 
0 0 0 0 10 0 1 0 0 0 0 0 0 
0 0 0 0 10 0 1 0 0 0 0 0 0 
0 0 0 0 10 0 1 0 0 0 0 0 0 
0 0 0 0 10 0 1 0 0 0 0 0 0 
0 0 0 0 10 0 1 0 0 0 0 0 0 
0 0 0 0 10 0 1 0 0 0 0 0 0 
0 0 0 0 10 0 1 0 0 0 0 0 0 
0 0 0 0 10 0 1 0 0 0 0 0 0 
0 0 0 0 10 0 1 0 0 0 0 0 0 
0 0 0 0 8 3 0 0 0 0 0 0 0 
0 0 0 0 0 12 0 0 0 0 0 5 0 
0 0 0 0 0 12 0 0 0 0 0 5 0 
0 0 0 0 0 12 0 0 0 0 0 5 0 
0 0 0 0 0 12 0 0 0 0 0 5 0 
0 0 0 0 0 12 0 0 0 0 0 5 0 
0 0 0 0 0 12 0 0 0 0 0 5 0 
0 0 0 0 0 12 0 0 0 0 0 5 0 
0 0 0 0 0 12 0 0 0 0 0 5 0 
0 0 0 0 0 12 0 0 0 0 0 5 0 
0 0 0 0 0 12 0 0 0 0 0 5 0 
0 0 0 0 0 12 0 0 0 0 0 5 0 
0 0 0 0 0 12 0 0 0 0 0 5 0 
0 0 0 0 0 12 0 0 0 0 0 5 0 
0 0 0 0 0 12 0 0 0 0 0 5 0 
0 0 0 0 0 12 0 0 0 0 0 5 0 
0 0 0 0 0 12 0 0 0 0 0 5 0 
0 0 0 0 0 12 0 0 0 0 0 5 0 
0 0 0 0 0 12 0 0 0 0 0 5 0 
0 0 0 0 0 0 15 3 0 1 0 0 0 
0 0 0 0 0 0 15 3 0 1 0 0 0 
0 0 0 0 0 0 15 3 0 1 0 0 0 
0 0 0 0 0 0 15 3 0 1 0 0 0 
0 0 0 0 0 0 15 3 0 1 0 0 0 
0 0 0 0 0 0 15 3 0 1 0 0 0 
0 0 0 0 0 0 15 3 0 1 0 0 0 
0 0 0 0 0 0 15 3 0 1 0 0 0 
0 0 0 0 0 0 15 3 0 1 0 0 0 
0 0 0 0 0 0 15 3 0 1 0 0 0 
0 0 0 0 0 0 15 3 0 1 0 0 0 
0 0 0 0 0 0 11 6 0 2 0 0 0 
0 0 0 0 0 0 0 24 0 0 0 0 0 
0 0 0 0 0 0 0 24 0 0 0 0 0 
0 0 0 0 0 0 0 24 0 0 0 0 0 
0 0 0 0 0 0 0 24 0 0 0 0 0 
0 0 0 0 0 0 0 24 0 0 0 0 0 
0 0 0 0 0 0 0 24 0 0 0 0 0 
0 0 0 0 0 0 0 24 0 0 0 0 0 
0 0 0 0 0 0 0 24 0 0 0 0 0 
0 0 0 0 0 0 0 21 4 0 0 0 0 
0 0 0 0 0 0 0 0 24 0 0 0 0 
0 0 0 0 0 0 0 0 24 0 0 0 0 
0 0 0 0 0 0 0 0 24 0 0 0 0 
0 0 0 0 0 0 0 0 24 0 0 0 0 
0 0 0 0 0 0 0 0 24 0 0 0 0 
0 0 0 0 0 0 0 0 24 0 0 0 0 
0 0 0 0 0 0 0 0 24 0 0 0 0 
0 0 0 0 0 0 0 0 24 0 0 0 0 
0 0 0 0 0 0 0 0 24 0 0 0 0 
0 0 0 0 0 0 0 0 24 0 0 0 0 
0 0 0 0 0 0 0 0 24 0 0 0 0 
0 0 0 0 0 0 0 0 11 16 0 0 0 
0 0 0 0 0 0 0 0 0 32 0 0 0 
0 0 0 0 0 0 0 0 0 32 0 0 0 
0 0 0 0 0 0 0 0 0 0 35 0 0 
0 0 0 0 0 0 0 0 0 0 35 0 0 
0 0 0 0 0 0 0 0 0 0 35 0 0 
0 0 0 0 0 0 0 0 0 0 35 0 0 
0 0 0 0 0 0 0 0 0 0 31 5 0 
0 0 0 0 0 0 0 0 0 0 0 45 0 
0 0 0 0 0 0 0 0 0 0 0 22 0 
197 886.5 855.943
