without3

43 890.1 881.845
63 869.4 857.095
101 848.4 829.945

2

44 910.8 899.014
63 869.4 858.964
102 856.8 837.814
200 900 855.814

3

44 910.8 900.252
63 869.4 860.202
103 865.2 845.052
200 900 857.052

4

44 910.8 901.374
64 883.2 871.374
104 873.6 852.174
200 900 858.174

5

44 910.8 902.54
64 883.2 872.54
104 873.6 853.34
199 895.5 856.19

6

44 910.8 903.639
65 897 883.689
105 882 860.439
198 891 854.139

7

45 931.5 920.009
65 897 884.759
105 882 861.509
196 882 848.909

8

45 931.5 920.977
65 897 885.727
105 882 862.477
197 886.5 853.027

9

45 931.5 921.985
65 897 886.735
105 882 863.485
198 891 857.185

10

45 931.5 922.678
65 897 887.428
105 882 864.178
198 891 857.878

11

45 931.5 923.225
65 897 887.975
105 882 864.725
197 886.5 855.275

12

45 931.5 923.653
65 897 888.403
105 882 865.153
197 886.5 855.703

13

45 931.5 923.893
65 897 888.643
105 882 865.393
197 886.5 855.943