2 1 0 0 0 0 0 1 1 1 0 0 3 
2 1 0 0 0 0 0 1 1 1 0 0 3 
2 1 0 0 0 0 0 1 1 1 0 0 3 
2 1 0 0 0 0 0 1 1 1 0 0 3 
2 1 0 0 0 0 0 1 1 1 0 0 3 
2 1 0 0 0 0 0 1 1 1 0 0 3 
2 1 0 0 0 0 0 1 1 1 0 0 3 
2 1 0 0 0 0 0 1 1 1 0 0 3 
2 1 0 0 0 0 0 1 1 1 0 0 3 
2 1 0 0 0 0 0 1 1 1 0 0 3 
2 1 0 0 0 0 0 1 1 1 0 0 3 
2 1 0 0 0 0 0 1 1 1 0 0 3 
2 1 0 0 0 0 0 1 1 1 0 0 3 
2 1 0 0 0 0 0 1 1 1 0 0 3 
2 1 0 0 0 0 0 1 1 1 0 0 3 
2 1 0 0 0 0 0 1 1 1 0 0 3 
2 1 0 0 0 0 0 1 1 1 0 0 3 
2 1 0 0 0 0 0 1 1 1 0 0 3 
2 1 0 0 0 0 0 1 1 1 0 0 3 
2 1 0 0 0 0 0 1 1 1 0 0 3 
0 3 0 0 2 0 0 0 0 2 0 0 2 
0 3 0 0 2 0 0 0 0 2 0 0 2 
0 3 0 0 2 0 0 0 0 2 0 0 0 
0 3 0 0 2 0 0 0 0 2 0 0 0 
0 3 0 0 2 0 0 0 0 2 0 0 0 
0 3 0 0 2 0 0 0 0 2 0 0 0 
0 3 0 0 2 0 0 0 0 2 0 0 0 
0 3 0 0 2 0 0 0 0 2 0 0 0 
0 3 0 0 2 0 0 0 0 2 0 0 0 
0 3 0 0 2 0 0 0 0 2 0 0 0 
0 3 0 0 2 0 0 0 0 2 0 0 0 
0 3 0 0 2 0 0 0 0 2 0 0 0 
0 3 0 0 2 0 0 0 0 2 0 0 0 
0 3 0 0 2 0 0 0 0 2 0 0 0 
0 3 0 0 2 0 0 0 0 2 0 0 0 
0 2 3 0 2 0 0 2 0 2 0 0 0 
0 0 5 0 0 0 0 0 0 0 2 3 0 
0 0 5 0 0 0 0 0 0 0 2 3 0 
0 0 5 0 0 0 0 0 0 0 2 3 0 
0 0 5 0 0 0 0 0 0 0 2 3 0 
0 0 5 0 0 0 0 0 0 0 2 3 0 
0 0 5 0 0 0 0 0 0 0 2 3 0 
0 0 5 0 0 0 0 0 0 0 2 3 0 
0 0 5 0 0 0 0 0 0 0 2 3 0 
0 0 5 0 0 0 0 0 0 0 2 3 0 
0 0 5 0 0 0 0 0 0 0 2 3 0 
0 0 5 0 0 0 0 0 0 0 2 3 0 
0 0 5 0 0 0 0 0 0 0 2 3 0 
0 0 5 0 0 0 0 0 0 0 2 3 0 
0 0 5 0 0 0 0 0 0 0 2 3 0 
0 0 5 0 0 0 0 0 0 0 2 3 0 
0 0 5 0 0 0 0 0 0 0 2 3 0 
0 0 3 5 1 0 1 0 2 0 0 1 0 
0 0 0 6 0 0 3 1 0 0 0 0 0 
0 0 0 6 0 0 3 1 0 0 0 0 0 
0 0 0 6 0 0 3 1 0 0 0 0 0 
0 0 0 6 0 0 3 1 0 0 0 0 0 
0 0 0 6 0 0 3 1 0 0 0 0 0 
0 0 0 6 0 0 3 1 0 0 0 0 0 
0 0 0 6 0 0 3 1 0 0 0 0 0 
0 0 0 6 0 0 3 1 0 0 0 0 0 
0 0 0 6 0 0 3 1 0 0 0 0 0 
0 0 0 6 0 0 3 1 0 0 0 0 0 
0 0 0 6 0 0 3 1 0 0 0 0 0 
0 0 0 6 0 0 3 1 0 0 0 0 0 
0 0 0 6 0 0 3 1 0 0 0 0 0 
0 0 0 6 0 0 3 1 0 0 0 0 0 
0 0 0 0 10 0 0 0 0 0 3 0 0 
0 0 0 0 10 0 0 0 0 0 3 0 0 
0 0 0 0 10 0 0 0 0 0 3 0 0 
0 0 0 0 10 0 0 0 0 0 3 0 0 
0 0 0 0 10 0 0 0 0 0 3 0 0 
0 0 0 0 10 0 0 0 0 0 3 0 0 
0 0 0 0 10 0 0 0 0 0 3 0 0 
0 0 0 0 5 6 0 0 0 0 3 0 0 
0 0 0 0 0 12 2 0 0 0 0 0 0 
0 0 0 0 0 12 2 0 0 0 0 0 0 
0 0 0 0 0 12 2 0 0 0 0 0 0 
0 0 0 0 0 12 2 0 0 0 0 0 0 
0 0 0 0 0 12 2 0 0 0 0 0 0 
0 0 0 0 0 12 2 0 0 0 0 0 0 
0 0 0 0 0 12 2 0 0 0 0 0 0 
0 0 0 0 0 12 2 0 0 0 0 0 0 
0 0 0 0 0 9 6 2 0 0 2 0 0 
0 0 0 0 0 0 14 2 0 0 0 0 0 
0 0 0 0 0 0 14 2 0 0 0 0 0 
0 0 0 0 0 0 14 2 0 0 0 0 0 
0 0 0 0 0 0 14 2 0 0 0 0 0 
0 0 0 0 0 0 2 18 0 2 1 0 0 
0 0 0 0 0 0 0 20 0 2 0 0 0 
0 0 0 0 0 0 0 20 0 2 0 0 0 
0 0 0 0 0 0 0 20 0 2 0 0 0 
0 0 0 0 0 0 0 5 21 0 3 0 0 
0 0 0 0 0 0 0 0 24 0 0 0 0 
0 0 0 0 0 0 0 0 24 0 0 0 0 
0 0 0 0 0 0 0 0 24 0 0 0 0 
0 0 0 0 0 0 0 0 24 0 0 0 0 
0 0 0 0 0 0 0 0 1 27 0 0 0 
0 0 0 0 0 0 0 0 0 23 13 0 0 
0 0 0 0 0 0 0 0 0 0 21 20 0 
0 0 0 0 0 0 0 0 0 0 0 15 0 
848.4 829.945
