12 0 0 0 0 3 3 0 0 0 0 0 0 
12 0 0 0 0 3 3 0 0 0 0 0 0 
12 0 0 0 0 3 3 0 0 0 0 0 0 
12 0 0 0 0 3 3 0 0 0 0 0 0 
12 0 0 0 0 3 3 0 0 0 0 0 0 
12 0 0 0 0 3 3 0 0 0 0 0 0 
8 7 0 0 0 0 2 0 0 0 2 5 0 
0 18 0 0 0 2 0 1 0 0 2 0 1 
0 18 0 0 0 2 0 1 0 0 2 0 1 
0 18 0 0 0 2 0 1 0 0 2 0 1 
0 18 0 0 0 2 0 1 0 0 2 0 1 
0 18 0 0 0 2 0 1 0 0 2 0 1 
0 18 0 0 0 2 0 1 0 0 2 0 1 
0 18 0 0 0 2 0 1 0 0 2 0 1 
0 1 9 1 1 3 1 4 0 0 0 2 0 
0 0 12 0 0 3 0 0 0 0 0 0 0 
0 0 12 0 0 3 0 0 0 0 0 0 0 
0 0 12 0 0 3 0 0 0 0 0 0 0 
0 0 12 0 0 3 0 0 0 0 0 0 0 
0 0 12 0 0 3 0 0 0 0 0 0 0 
0 0 12 0 0 3 0 0 0 0 0 0 0 
0 0 5 14 2 0 2 0 0 0 4 0 0 
0 0 0 16 0 0 3 1 1 0 0 0 1 
0 0 0 16 0 0 3 1 1 0 0 0 1 
0 0 0 16 0 0 3 1 1 0 0 0 1 
0 0 0 16 0 0 3 1 1 0 0 0 1 
0 0 0 10 15 0 0 0 0 0 0 0 0 
0 0 0 0 24 0 0 0 0 0 0 0 0 
0 0 0 0 24 0 0 0 0 0 0 0 0 
0 0 0 0 24 0 0 0 0 0 0 0 0 
0 0 0 0 18 6 3 0 1 0 1 0 0 
0 0 0 0 0 30 0 0 0 0 0 0 0 
0 0 0 0 0 22 9 4 3 0 0 0 6 
0 0 0 0 0 0 36 0 2 0 1 0 0 
0 0 0 0 0 0 36 0 2 0 1 0 0 
0 0 0 0 0 0 4 44 0 8 0 0 1 
0 0 0 0 0 0 0 48 0 5 0 0 0 
0 0 0 0 0 0 0 18 34 0 5 7 3 
0 0 0 0 0 0 0 0 52 0 0 0 6 
0 0 0 0 0 0 0 0 42 19 0 6 0 
0 0 0 0 0 0 0 0 0 70 0 0 0 
0 0 0 0 0 0 0 0 0 8 68 24 5 
0 0 0 0 0 0 0 0 0 0 0 40 32 
43 890.1 883.714
8 0 1 0 0 0 0 2 0 1 0 2 0 
8 0 1 0 0 0 0 2 0 1 0 2 0 
8 0 1 0 0 0 0 2 0 1 0 2 0 
8 0 1 0 0 0 0 2 0 1 0 2 0 
8 0 1 0 0 0 0 2 0 1 0 2 0 
8 0 1 0 0 0 0 2 0 1 0 2 0 
8 0 1 0 0 0 0 2 0 1 0 2 0 
8 0 1 0 0 0 0 2 0 1 0 2 0 
8 0 1 0 0 0 0 2 0 1 0 2 0 
8 0 1 0 0 0 0 2 0 1 0 2 0 
0 12 0 0 2 0 0 0 0 0 2 0 0 
0 12 0 0 2 0 0 0 0 0 2 0 0 
0 12 0 0 2 0 0 0 0 0 2 0 0 
0 12 0 0 2 0 0 0 0 0 2 0 0 
0 12 0 0 2 0 0 0 0 0 2 0 0 
0 12 0 0 2 0 0 0 0 0 2 0 0 
0 12 0 0 2 0 0 0 0 0 2 0 0 
0 12 0 0 2 0 0 0 0 0 2 0 0 
0 12 0 0 2 0 0 0 0 0 2 0 0 
0 12 0 0 2 0 0 0 0 0 2 0 0 
0 12 0 0 2 0 0 0 0 0 2 0 0 
0 2 6 0 0 3 2 0 0 2 2 1 0 
0 0 7 2 0 0 1 0 0 0 2 0 0 
0 0 7 2 0 0 1 0 0 0 2 0 0 
0 0 7 2 0 0 1 0 0 0 2 0 0 
0 0 7 2 0 0 1 0 0 0 2 0 0 
0 0 7 2 0 0 1 0 0 0 2 0 0 
0 0 7 2 0 0 1 0 0 0 2 0 0 
0 0 7 2 0 0 1 0 0 0 2 0 0 
0 0 7 2 0 0 1 0 0 0 2 0 0 
0 0 7 2 0 0 1 0 0 0 2 0 0 
0 0 7 2 0 0 1 0 0 0 2 0 0 
0 0 0 10 2 0 0 0 0 3 2 0 0 
0 0 0 10 2 0 0 0 0 3 2 0 0 
0 0 0 10 2 0 0 0 0 3 2 0 0 
0 0 0 10 2 0 0 0 0 3 2 0 0 
0 0 0 10 2 0 0 0 0 3 2 0 0 
0 0 0 10 2 0 0 0 0 3 2 0 0 
0 0 0 9 8 0 0 0 0 3 2 0 2 
0 0 0 0 14 2 0 0 0 0 5 0 1 
0 0 0 0 14 2 0 0 0 0 5 0 1 
0 0 0 0 14 2 0 0 0 0 5 0 1 
0 0 0 0 14 2 0 0 0 0 5 0 1 
0 0 0 0 10 8 3 0 1 6 0 0 0 
0 0 0 0 0 18 2 0 0 1 0 3 3 
0 0 0 0 0 18 2 0 0 1 0 3 3 
0 0 0 0 0 18 2 0 0 1 0 3 3 
0 0 0 0 0 18 2 0 0 1 0 3 3 
0 0 0 0 0 18 2 0 0 1 0 3 3 
0 0 0 0 0 2 21 2 0 0 4 5 0 
0 0 0 0 0 0 24 0 0 0 0 9 0 
0 0 0 0 0 0 24 0 0 0 0 9 0 
0 0 0 0 0 0 24 0 0 0 0 9 0 
0 0 0 0 0 0 5 29 1 3 0 4 0 
0 0 0 0 0 0 0 33 0 0 0 5 0 
0 0 0 0 0 0 0 33 0 0 0 5 0 
0 0 0 0 0 0 0 12 20 0 8 0 4 
0 0 0 0 0 0 0 0 36 0 2 0 1 
0 0 0 0 0 0 0 0 36 0 2 0 1 
0 0 0 0 0 0 0 0 36 0 2 0 1 
0 0 0 0 0 0 0 0 10 32 0 0 8 
0 0 0 0 0 0 0 0 0 31 0 2 28 
62 855.6 848.914
4 2 0 0 0 0 0 0 0 2 1 0 5 
4 2 0 0 0 0 0 0 0 2 1 0 5 
4 2 0 0 0 0 0 0 0 2 1 0 5 
4 2 0 0 0 0 0 0 0 2 1 0 5 
4 2 0 0 0 0 0 0 0 2 1 0 5 
4 2 0 0 0 0 0 0 0 2 1 0 5 
4 2 0 0 0 0 0 0 0 2 1 0 5 
4 2 0 0 0 0 0 0 0 2 1 0 5 
4 2 0 0 0 0 0 0 0 2 1 0 5 
4 2 0 0 0 0 0 0 0 2 1 0 5 
4 2 0 0 0 0 0 0 0 2 1 0 5 
4 2 0 0 0 0 0 0 0 2 1 0 5 
4 2 0 0 0 0 0 0 0 2 1 0 4 
4 2 0 0 0 0 0 0 0 2 1 0 0 
4 2 0 0 0 0 0 0 0 2 1 0 0 
4 2 0 0 0 0 0 0 0 2 1 0 0 
4 2 0 0 0 0 0 0 0 2 1 0 0 
4 2 0 0 0 0 0 0 0 2 1 0 0 
4 2 0 0 0 0 0 0 0 2 1 0 0 
4 2 0 0 0 0 0 0 0 2 1 0 0 
0 6 0 0 2 1 0 1 0 0 0 0 0 
0 6 0 0 2 1 0 1 0 0 0 0 0 
0 6 0 0 2 1 0 1 0 0 0 0 0 
0 6 0 0 2 1 0 1 0 0 0 0 0 
0 6 0 0 2 1 0 1 0 0 0 0 0 
0 6 0 0 2 1 0 1 0 0 0 0 0 
0 6 0 0 2 1 0 1 0 0 0 0 0 
0 6 0 0 2 1 0 1 0 0 0 0 0 
0 6 0 0 2 1 0 1 0 0 0 0 0 
0 6 0 0 2 1 0 1 0 0 0 0 0 
0 6 0 0 2 1 0 1 0 0 0 0 0 
0 6 0 0 2 1 0 1 0 0 0 0 0 
0 6 0 0 2 1 0 1 0 0 0 0 0 
0 6 0 0 2 1 0 1 0 0 0 0 0 
0 6 0 0 2 1 0 1 0 0 0 0 0 
0 4 1 0 2 2 0 2 0 0 0 1 0 
0 0 5 0 0 0 0 0 2 0 0 3 0 
0 0 5 0 0 0 0 0 2 0 0 3 0 
0 0 5 0 0 0 0 0 2 0 0 3 0 
0 0 5 0 0 0 0 0 2 0 0 3 0 
0 0 5 0 0 0 0 0 2 0 0 3 0 
0 0 5 0 0 0 0 0 2 0 0 3 0 
0 0 5 0 0 0 0 0 2 0 0 3 0 
0 0 5 0 0 0 0 0 2 0 0 3 0 
0 0 5 0 0 0 0 0 2 0 0 3 0 
0 0 5 0 0 0 0 0 2 0 0 3 0 
0 0 5 0 0 0 0 0 2 0 0 3 0 
0 0 5 0 0 0 0 0 2 0 0 3 0 
0 0 5 0 0 0 0 0 2 0 0 3 0 
0 0 5 0 0 0 0 0 2 0 0 3 0 
0 0 5 0 0 0 0 0 2 0 0 3 0 
0 0 5 0 0 0 0 0 2 0 0 3 0 
0 0 5 0 0 0 0 0 2 0 0 3 0 
0 0 0 6 0 2 1 0 0 0 1 0 0 
0 0 0 6 0 2 1 0 0 0 1 0 0 
0 0 0 6 0 2 1 0 0 0 1 0 0 
0 0 0 6 0 2 1 0 0 0 1 0 0 
0 0 0 6 0 2 1 0 0 0 1 0 0 
0 0 0 6 0 2 1 0 0 0 1 0 0 
0 0 0 6 0 2 1 0 0 0 1 0 0 
0 0 0 6 0 2 1 0 0 0 1 0 0 
0 0 0 6 0 2 1 0 0 0 1 0 0 
0 0 0 6 0 2 1 0 0 0 1 0 0 
0 0 0 6 0 2 1 0 0 0 1 0 0 
0 0 0 6 0 2 1 0 0 0 1 0 0 
0 0 0 6 0 2 1 0 0 0 1 0 0 
0 0 0 6 0 2 1 0 0 0 1 0 0 
0 0 0 5 2 2 1 0 0 0 1 0 0 
0 0 0 0 10 0 0 0 0 0 3 0 0 
0 0 0 0 10 0 0 0 0 0 3 0 0 
0 0 0 0 10 0 0 0 0 0 3 0 0 
0 0 0 0 10 0 0 0 0 0 3 0 0 
0 0 0 0 10 0 0 0 0 0 3 0 0 
0 0 0 0 10 0 0 0 0 0 3 0 0 
0 0 0 0 10 0 0 0 0 0 3 0 0 
0 0 0 0 4 10 3 0 0 0 1 0 0 
0 0 0 0 0 12 2 0 0 0 0 0 0 
0 0 0 0 0 12 2 0 0 0 0 0 0 
0 0 0 0 0 12 2 0 0 0 0 0 0 
0 0 0 0 0 12 2 0 0 0 0 0 0 
0 0 0 0 0 6 7 2 0 1 0 0 0 
0 0 0 0 0 0 14 2 0 0 0 0 0 
0 0 0 0 0 0 14 2 0 0 0 0 0 
0 0 0 0 0 0 14 2 0 0 0 0 0 
0 0 0 0 0 0 14 2 0 0 0 0 0 
0 0 0 0 0 0 14 2 0 0 0 0 0 
0 0 0 0 0 0 14 2 0 0 0 0 0 
0 0 0 0 0 0 6 11 0 4 0 0 0 
0 0 0 0 0 0 0 20 0 2 1 0 0 
0 0 0 0 0 0 0 20 0 2 1 0 0 
0 0 0 0 0 0 0 20 0 2 1 0 0 
0 0 0 0 0 0 0 20 0 2 1 0 0 
0 0 0 0 0 0 0 7 21 0 3 0 0 
0 0 0 0 0 0 0 0 24 0 0 0 0 
0 0 0 0 0 0 0 0 24 0 0 0 0 
0 0 0 0 0 0 0 0 24 0 0 0 0 
0 0 0 0 0 0 0 0 13 19 0 0 0 
0 0 0 0 0 0 0 0 0 30 0 0 0 
0 0 0 0 0 0 0 0 0 8 32 4 0 
0 0 0 0 0 0 0 0 0 0 0 28 0 
100 840 825.814
2 1 0 0 0 0 0 0 2 0 0 0 2 
2 1 0 0 0 0 0 0 2 0 0 0 2 
2 1 0 0 0 0 0 0 2 0 0 0 2 
2 1 0 0 0 0 0 0 2 0 0 0 2 
2 1 0 0 0 0 0 0 2 0 0 0 2 
2 1 0 0 0 0 0 0 2 0 0 0 2 
2 1 0 0 0 0 0 0 2 0 0 0 2 
2 1 0 0 0 0 0 0 2 0 0 0 2 
2 1 0 0 0 0 0 0 2 0 0 0 2 
2 1 0 0 0 0 0 0 2 0 0 0 2 
2 1 0 0 0 0 0 0 2 0 0 0 2 
2 1 0 0 0 0 0 0 2 0 0 0 2 
2 1 0 0 0 0 0 0 2 0 0 0 2 
2 1 0 0 0 0 0 0 2 0 0 0 2 
2 1 0 0 0 0 0 0 2 0 0 0 2 
2 1 0 0 0 0 0 0 2 0 0 0 2 
2 1 0 0 0 0 0 0 2 0 0 0 2 
2 1 0 0 0 0 0 0 2 0 0 0 2 
2 1 0 0 0 0 0 0 2 0 0 0 2 
2 1 0 0 0 0 0 0 2 0 0 0 2 
2 1 0 0 0 0 0 0 2 0 0 0 2 
2 1 0 0 0 0 0 0 2 0 0 0 2 
2 1 0 0 0 0 0 0 2 0 0 0 2 
2 1 0 0 0 0 0 0 2 0 0 0 2 
2 1 0 0 0 0 0 0 2 0 0 0 2 
2 1 0 0 0 0 0 0 2 0 0 0 2 
2 1 0 0 0 0 0 0 2 0 0 0 2 
2 1 0 0 0 0 0 0 2 0 0 0 2 
2 1 0 0 0 0 0 0 2 0 0 0 2 
2 1 0 0 0 0 0 0 2 0 0 0 2 
2 1 0 0 0 0 0 0 2 0 0 0 2 
2 1 0 0 0 0 0 0 2 0 0 0 2 
2 1 0 0 0 0 0 0 2 0 0 0 0 
2 1 0 0 0 0 0 0 2 0 0 0 0 
2 1 0 0 0 0 0 0 2 0 0 0 0 
2 1 0 0 0 0 0 0 2 0 0 0 0 
2 1 0 0 0 0 0 0 2 0 0 0 0 
2 1 0 0 0 0 0 0 2 0 0 0 0 
2 1 0 0 0 0 0 0 2 0 0 0 0 
2 1 0 0 0 0 0 0 2 0 0 0 0 
0 3 0 0 0 0 1 0 2 0 1 0 0 
0 3 0 0 0 0 1 0 2 0 1 0 0 
0 3 0 0 0 0 1 0 2 0 1 0 0 
0 3 0 0 0 0 1 0 2 0 1 0 0 
0 3 0 0 0 0 1 0 2 0 1 0 0 
0 3 0 0 0 0 1 0 2 0 1 0 0 
0 3 0 0 0 0 1 0 2 0 1 0 0 
0 3 0 0 0 0 1 0 2 0 1 0 0 
0 3 0 0 0 0 1 0 2 0 1 0 0 
0 3 0 0 0 0 1 0 2 0 1 0 0 
0 3 0 0 0 0 1 0 2 0 1 0 0 
0 3 0 0 0 0 1 0 2 0 1 0 0 
0 3 0 0 0 0 1 0 2 0 1 0 0 
0 3 0 0 0 0 1 0 2 0 1 0 0 
0 3 0 0 0 0 1 0 2 0 1 0 0 
0 3 0 0 0 0 1 0 2 0 1 0 0 
0 3 0 0 0 0 1 0 2 0 1 0 0 
0 3 0 0 0 0 1 0 2 0 1 0 0 
0 3 0 0 0 0 1 0 2 0 1 0 0 
0 3 0 0 0 0 1 0 2 0 1 0 0 
0 3 0 0 0 0 1 0 2 0 1 0 0 
0 3 0 0 0 0 1 0 2 0 1 0 0 
0 3 0 0 0 0 1 0 2 0 1 0 0 
0 3 0 0 0 0 1 0 2 0 1 0 0 
0 3 0 0 0 0 1 0 2 0 1 0 0 
0 3 0 0 0 0 1 0 2 0 1 0 0 
0 3 0 0 0 0 1 0 2 0 1 0 0 
0 3 0 0 0 0 1 0 2 0 1 0 0 
0 3 0 0 0 0 1 0 2 0 1 0 0 
0 3 0 0 0 0 1 0 2 0 1 0 0 
0 3 0 0 0 0 1 0 0 3 0 0 0 
0 1 1 0 2 0 1 0 0 0 2 1 0 
0 0 3 0 0 0 0 0 0 0 0 0 0 
0 0 3 0 0 0 0 0 0 0 0 0 0 
0 0 3 0 0 0 0 0 0 0 0 0 0 
0 0 3 0 0 0 0 0 0 0 0 0 0 
0 0 3 0 0 0 0 0 0 0 0 0 0 
0 0 3 0 0 0 0 0 0 0 0 0 0 
0 0 3 0 0 0 0 0 0 0 0 0 0 
0 0 3 0 0 0 0 0 0 0 0 0 0 
0 0 3 0 0 0 0 0 0 0 0 0 0 
0 0 3 0 0 0 0 0 0 0 0 0 0 
0 0 3 0 0 0 0 0 0 0 0 0 0 
0 0 3 0 0 0 0 0 0 0 0 0 0 
0 0 3 0 0 0 0 0 0 0 0 0 0 
0 0 3 0 0 0 0 0 0 0 0 0 0 
0 0 3 0 0 0 0 0 0 0 0 0 0 
0 0 3 0 0 0 0 0 0 0 0 0 0 
0 0 3 0 0 0 0 0 0 0 0 0 0 
0 0 3 0 0 0 0 0 0 0 0 0 0 
0 0 3 0 0 0 0 0 0 0 0 0 0 
0 0 3 0 0 0 0 0 0 0 0 0 0 
0 0 3 0 0 0 0 0 0 0 0 0 0 
0 0 3 0 0 0 0 0 0 0 0 0 0 
0 0 3 0 0 0 0 0 0 0 0 0 0 
0 0 3 0 0 0 0 0 0 0 0 0 0 
0 0 3 0 0 0 0 0 0 0 0 0 0 
0 0 3 0 0 0 0 0 0 0 0 0 0 
0 0 3 0 0 0 0 0 0 0 0 0 0 
0 0 3 0 0 0 0 0 0 0 0 0 0 
0 0 1 3 0 0 1 0 0 0 1 0 0 
0 0 0 3 1 0 0 0 0 1 2 1 0 
0 0 0 3 1 0 0 0 0 1 2 1 0 
0 0 0 3 1 0 0 0 0 1 2 1 0 
0 0 0 3 1 0 0 0 0 1 2 1 0 
0 0 0 3 1 0 0 0 0 1 2 1 0 
0 0 0 3 1 0 0 0 0 1 2 1 0 
0 0 0 3 1 0 0 0 0 1 2 1 0 
0 0 0 3 1 0 0 0 0 1 2 1 0 
0 0 0 3 1 0 0 0 0 1 2 1 0 
0 0 0 3 1 0 0 0 0 1 2 1 0 
0 0 0 3 1 0 0 0 0 1 2 1 0 
0 0 0 3 1 0 0 0 0 1 2 1 0 
0 0 0 3 1 0 0 0 0 1 2 1 0 
0 0 0 3 1 0 0 0 0 1 2 1 0 
0 0 0 3 1 0 0 0 0 1 2 1 0 
0 0 0 3 1 0 0 0 0 1 2 1 0 
0 0 0 3 1 0 0 0 0 1 2 1 0 
0 0 0 3 1 0 0 0 0 1 2 1 0 
0 0 0 3 1 0 0 0 0 1 2 1 0 
0 0 0 3 1 0 0 0 0 1 2 1 0 
0 0 0 3 1 0 0 0 0 1 2 1 0 
0 0 0 3 1 0 0 0 0 1 2 1 0 
0 0 0 3 1 0 0 0 0 1 2 1 0 
0 0 0 3 1 0 0 0 0 1 2 1 0 
0 0 0 3 1 0 0 0 0 1 2 1 0 
0 0 0 3 1 0 0 0 0 1 2 1 0 
0 0 0 3 1 0 0 0 0 1 2 1 0 
0 0 0 3 1 0 0 0 0 1 2 1 0 
0 0 0 2 4 0 0 1 0 1 2 1 0 
0 0 0 0 5 0 0 0 0 0 2 0 0 
0 0 0 0 5 0 0 0 0 0 2 0 0 
0 0 0 0 5 0 0 0 0 0 1 2 0 
0 0 0 0 5 0 0 0 0 0 0 3 0 
0 0 0 0 5 0 0 0 0 0 0 3 0 
0 0 0 0 5 0 0 0 0 0 0 3 0 
0 0 0 0 5 0 0 0 0 0 0 3 0 
0 0 0 0 5 0 0 0 0 0 0 3 0 
0 0 0 0 5 0 0 0 0 0 0 3 0 
0 0 0 0 5 0 0 0 0 0 0 3 0 
0 0 0 0 5 0 0 0 0 0 0 3 0 
0 0 0 0 5 0 0 0 0 0 0 3 0 
0 0 0 0 5 0 0 0 0 0 0 3 0 
0 0 0 0 5 0 0 0 0 0 0 3 0 
0 0 0 0 4 1 0 0 0 2 0 1 0 
0 0 0 0 0 5 1 1 0 1 0 1 0 
0 0 0 0 0 5 1 1 0 1 0 1 0 
0 0 0 0 0 5 1 1 0 1 0 1 0 
0 0 0 0 0 5 1 1 0 1 0 1 0 
0 0 0 0 0 5 1 1 0 1 0 1 0 
0 0 0 0 0 5 1 1 0 1 0 1 0 
0 0 0 0 0 5 1 1 0 1 0 1 0 
0 0 0 0 0 5 1 1 0 1 0 1 0 
0 0 0 0 0 5 1 1 0 1 0 1 0 
0 0 0 0 0 5 1 1 0 1 0 1 0 
0 0 0 0 0 5 1 1 0 1 0 1 0 
0 0 0 0 0 5 1 1 0 1 0 1 0 
0 0 0 0 0 5 1 1 0 1 0 1 0 
0 0 0 0 0 5 1 1 0 1 0 1 0 
0 0 0 0 0 5 1 1 0 1 0 1 0 
0 0 0 0 0 5 1 1 0 1 0 1 0 
0 0 0 0 0 5 1 1 0 1 0 1 0 
0 0 0 0 0 5 1 1 0 1 0 1 0 
0 0 0 0 0 5 1 1 0 1 0 0 0 
0 0 0 0 0 5 1 1 0 1 0 0 0 
0 0 0 0 0 5 1 1 0 1 0 0 0 
0 0 0 0 0 5 1 1 0 1 0 0 0 
0 0 0 0 0 0 7 2 0 1 0 0 0 
0 0 0 0 0 0 7 2 0 1 0 0 0 
0 0 0 0 0 0 7 2 0 1 0 0 0 
0 0 0 0 0 0 7 2 0 1 0 0 0 
0 0 0 0 0 0 7 2 0 1 0 0 0 
0 0 0 0 0 0 7 2 0 1 0 0 0 
0 0 0 0 0 0 7 2 0 1 0 0 0 
0 0 0 0 0 0 7 2 0 1 0 0 0 
0 0 0 0 0 0 7 2 0 1 0 0 0 
0 0 0 0 0 0 5 4 0 2 0 0 0 
0 0 0 0 0 0 0 12 0 0 0 0 0 
0 0 0 0 0 0 0 12 0 0 0 0 0 
0 0 0 0 0 0 0 12 0 0 0 0 0 
0 0 0 0 0 0 0 12 0 0 0 0 0 
0 0 0 0 0 0 0 12 0 0 0 0 0 
0 0 0 0 0 0 0 12 0 0 0 0 0 
0 0 0 0 0 0 0 12 0 0 0 0 0 
0 0 0 0 0 0 0 0 0 16 0 0 0 
0 0 0 0 0 0 0 0 0 16 0 0 0 
0 0 0 0 0 0 0 0 0 11 0 0 0 
187 841.5 814.864
